解路径如下：
当前深度: 0
[0, 2, 3]
[1, 8, 4]
[7, 6, 5]

当前深度: 1
[2, 0, 3]
[1, 8, 4]
[7, 6, 5]

当前深度: 2
[2, 3, 0]
[1, 8, 4]
[7, 6, 5]

当前深度: 3
[2, 3, 4]
[1, 8, 0]
[7, 6, 5]

当前深度: 4
[2, 3, 4]
[1, 0, 8]
[7, 6, 5]

当前深度: 5
[2, 0, 4]
[1, 3, 8]
[7, 6, 5]

当前深度: 6
[0, 2, 4]
[1, 3, 8]
[7, 6, 5]

当前深度: 7
[1, 2, 4]
[0, 3, 8]
[7, 6, 5]

当前深度: 8
[1, 2, 4]
[3, 0, 8]
[7, 6, 5]

当前深度: 9
[1, 0, 4]
[3, 2, 8]
[7, 6, 5]

当前深度: 10
[0, 1, 4]
[3, 2, 8]
[7, 6, 5]

当前深度: 11
[3, 1, 4]
[0, 2, 8]
[7, 6, 5]

当前深度: 12
[3, 1, 4]
[2, 0, 8]
[7, 6, 5]

当前深度: 13
[3, 0, 4]
[2, 1, 8]
[7, 6, 5]

当前深度: 14
[0, 3, 4]
[2, 1, 8]
[7, 6, 5]

当前深度: 15
[2, 3, 4]
[0, 1, 8]
[7, 6, 5]

当前深度: 16
[2, 3, 4]
[7, 1, 8]
[0, 6, 5]

当前深度: 17
[2, 3, 4]
[7, 1, 8]
[6, 0, 5]

当前深度: 18
[2, 3, 4]
[7, 0, 8]
[6, 1, 5]

当前深度: 19
[2, 0, 4]
[7, 3, 8]
[6, 1, 5]

当前深度: 20
[0, 2, 4]
[7, 3, 8]
[6, 1, 5]

当前深度: 21
[7, 2, 4]
[0, 3, 8]
[6, 1, 5]

当前深度: 22
[7, 2, 4]
[3, 0, 8]
[6, 1, 5]

当前深度: 23
[7, 0, 4]
[3, 2, 8]
[6, 1, 5]

当前深度: 24
[0, 7, 4]
[3, 2, 8]
[6, 1, 5]

当前深度: 25
[3, 7, 4]
[0, 2, 8]
[6, 1, 5]

当前深度: 26
[3, 7, 4]
[2, 0, 8]
[6, 1, 5]

当前深度: 27
[3, 0, 4]
[2, 7, 8]
[6, 1, 5]

当前深度: 28
[0, 3, 4]
[2, 7, 8]
[6, 1, 5]

当前深度: 29
[2, 3, 4]
[0, 7, 8]
[6, 1, 5]

当前深度: 30
[2, 3, 4]
[6, 7, 8]
[0, 1, 5]

当前深度: 31
[2, 3, 4]
[6, 7, 8]
[1, 0, 5]

当前深度: 32
[2, 3, 4]
[6, 0, 8]
[1, 7, 5]

当前深度: 33
[2, 0, 4]
[6, 3, 8]
[1, 7, 5]

当前深度: 34
[0, 2, 4]
[6, 3, 8]
[1, 7, 5]

当前深度: 35
[6, 2, 4]
[0, 3, 8]
[1, 7, 5]

当前深度: 36
[6, 2, 4]
[3, 0, 8]
[1, 7, 5]

当前深度: 37
[6, 0, 4]
[3, 2, 8]
[1, 7, 5]

当前深度: 38
[0, 6, 4]
[3, 2, 8]
[1, 7, 5]

当前深度: 39
[3, 6, 4]
[0, 2, 8]
[1, 7, 5]

当前深度: 40
[3, 6, 4]
[2, 0, 8]
[1, 7, 5]

当前深度: 41
[3, 0, 4]
[2, 6, 8]
[1, 7, 5]

当前深度: 42
[0, 3, 4]
[2, 6, 8]
[1, 7, 5]

当前深度: 43
[2, 3, 4]
[0, 6, 8]
[1, 7, 5]

当前深度: 44
[2, 3, 4]
[1, 6, 8]
[0, 7, 5]

当前深度: 45
[2, 3, 4]
[1, 6, 8]
[7, 0, 5]

当前深度: 46
[2, 3, 4]
[1, 6, 8]
[7, 5, 0]

当前深度: 47
[2, 3, 4]
[1, 6, 0]
[7, 5, 8]

当前深度: 48
[2, 3, 0]
[1, 6, 4]
[7, 5, 8]

当前深度: 49
[2, 0, 3]
[1, 6, 4]
[7, 5, 8]

当前深度: 50
[0, 2, 3]
[1, 6, 4]
[7, 5, 8]

当前深度: 51
[1, 2, 3]
[0, 6, 4]
[7, 5, 8]

当前深度: 52
[1, 2, 3]
[6, 0, 4]
[7, 5, 8]

当前深度: 53
[1, 0, 3]
[6, 2, 4]
[7, 5, 8]

当前深度: 54
[0, 1, 3]
[6, 2, 4]
[7, 5, 8]

当前深度: 55
[6, 1, 3]
[0, 2, 4]
[7, 5, 8]

当前深度: 56
[6, 1, 3]
[2, 0, 4]
[7, 5, 8]

当前深度: 57
[6, 0, 3]
[2, 1, 4]
[7, 5, 8]

当前深度: 58
[0, 6, 3]
[2, 1, 4]
[7, 5, 8]

当前深度: 59
[2, 6, 3]
[0, 1, 4]
[7, 5, 8]

当前深度: 60
[2, 6, 3]
[1, 0, 4]
[7, 5, 8]

当前深度: 61
[2, 6, 3]
[1, 4, 0]
[7, 5, 8]

当前深度: 62
[2, 6, 0]
[1, 4, 3]
[7, 5, 8]

当前深度: 63
[2, 0, 6]
[1, 4, 3]
[7, 5, 8]

当前深度: 64
[0, 2, 6]
[1, 4, 3]
[7, 5, 8]

当前深度: 65
[1, 2, 6]
[0, 4, 3]
[7, 5, 8]

当前深度: 66
[1, 2, 6]
[4, 0, 3]
[7, 5, 8]

当前深度: 67
[1, 0, 6]
[4, 2, 3]
[7, 5, 8]

当前深度: 68
[0, 1, 6]
[4, 2, 3]
[7, 5, 8]

当前深度: 69
[4, 1, 6]
[0, 2, 3]
[7, 5, 8]

当前深度: 70
[4, 1, 6]
[2, 0, 3]
[7, 5, 8]

当前深度: 71
[4, 0, 6]
[2, 1, 3]
[7, 5, 8]

当前深度: 72
[0, 4, 6]
[2, 1, 3]
[7, 5, 8]

当前深度: 73
[2, 4, 6]
[0, 1, 3]
[7, 5, 8]

当前深度: 74
[2, 4, 6]
[1, 0, 3]
[7, 5, 8]

当前深度: 75
[2, 4, 6]
[1, 3, 0]
[7, 5, 8]

当前深度: 76
[2, 4, 0]
[1, 3, 6]
[7, 5, 8]

当前深度: 77
[2, 0, 4]
[1, 3, 6]
[7, 5, 8]

当前深度: 78
[0, 2, 4]
[1, 3, 6]
[7, 5, 8]

当前深度: 79
[1, 2, 4]
[0, 3, 6]
[7, 5, 8]

当前深度: 80
[1, 2, 4]
[3, 0, 6]
[7, 5, 8]

当前深度: 81
[1, 0, 4]
[3, 2, 6]
[7, 5, 8]

当前深度: 82
[0, 1, 4]
[3, 2, 6]
[7, 5, 8]

当前深度: 83
[3, 1, 4]
[0, 2, 6]
[7, 5, 8]

当前深度: 84
[3, 1, 4]
[2, 0, 6]
[7, 5, 8]

当前深度: 85
[3, 0, 4]
[2, 1, 6]
[7, 5, 8]

当前深度: 86
[0, 3, 4]
[2, 1, 6]
[7, 5, 8]

当前深度: 87
[2, 3, 4]
[0, 1, 6]
[7, 5, 8]

当前深度: 88
[2, 3, 4]
[1, 0, 6]
[7, 5, 8]

当前深度: 89
[2, 3, 4]
[1, 5, 6]
[7, 0, 8]

当前深度: 90
[2, 3, 4]
[1, 5, 6]
[0, 7, 8]

当前深度: 91
[2, 3, 4]
[0, 5, 6]
[1, 7, 8]

当前深度: 92
[0, 3, 4]
[2, 5, 6]
[1, 7, 8]

当前深度: 93
[3, 0, 4]
[2, 5, 6]
[1, 7, 8]

当前深度: 94
[3, 4, 0]
[2, 5, 6]
[1, 7, 8]

当前深度: 95
[3, 4, 6]
[2, 5, 0]
[1, 7, 8]

当前深度: 96
[3, 4, 6]
[2, 0, 5]
[1, 7, 8]

当前深度: 97
[3, 0, 6]
[2, 4, 5]
[1, 7, 8]

当前深度: 98
[0, 3, 6]
[2, 4, 5]
[1, 7, 8]

当前深度: 99
[2, 3, 6]
[0, 4, 5]
[1, 7, 8]

当前深度: 100
[2, 3, 6]
[4, 0, 5]
[1, 7, 8]

当前深度: 101
[2, 0, 6]
[4, 3, 5]
[1, 7, 8]

当前深度: 102
[0, 2, 6]
[4, 3, 5]
[1, 7, 8]

当前深度: 103
[4, 2, 6]
[0, 3, 5]
[1, 7, 8]

当前深度: 104
[4, 2, 6]
[3, 0, 5]
[1, 7, 8]

当前深度: 105
[4, 0, 6]
[3, 2, 5]
[1, 7, 8]

当前深度: 106
[0, 4, 6]
[3, 2, 5]
[1, 7, 8]

当前深度: 107
[3, 4, 6]
[0, 2, 5]
[1, 7, 8]

当前深度: 108
[3, 4, 6]
[1, 2, 5]
[0, 7, 8]

当前深度: 109
[3, 4, 6]
[1, 2, 5]
[7, 0, 8]

当前深度: 110
[3, 4, 6]
[1, 0, 5]
[7, 2, 8]

当前深度: 111
[3, 0, 6]
[1, 4, 5]
[7, 2, 8]

当前深度: 112
[0, 3, 6]
[1, 4, 5]
[7, 2, 8]

当前深度: 113
[1, 3, 6]
[0, 4, 5]
[7, 2, 8]

当前深度: 114
[1, 3, 6]
[4, 0, 5]
[7, 2, 8]

当前深度: 115
[1, 0, 6]
[4, 3, 5]
[7, 2, 8]

当前深度: 116
[0, 1, 6]
[4, 3, 5]
[7, 2, 8]

当前深度: 117
[4, 1, 6]
[0, 3, 5]
[7, 2, 8]

当前深度: 118
[4, 1, 6]
[3, 0, 5]
[7, 2, 8]

当前深度: 119
[4, 0, 6]
[3, 1, 5]
[7, 2, 8]

当前深度: 120
[0, 4, 6]
[3, 1, 5]
[7, 2, 8]

当前深度: 121
[3, 4, 6]
[0, 1, 5]
[7, 2, 8]

当前深度: 122
[3, 4, 6]
[7, 1, 5]
[0, 2, 8]

当前深度: 123
[3, 4, 6]
[7, 1, 5]
[2, 0, 8]

当前深度: 124
[3, 4, 6]
[7, 0, 5]
[2, 1, 8]

当前深度: 125
[3, 0, 6]
[7, 4, 5]
[2, 1, 8]

当前深度: 126
[0, 3, 6]
[7, 4, 5]
[2, 1, 8]

当前深度: 127
[7, 3, 6]
[0, 4, 5]
[2, 1, 8]

当前深度: 128
[7, 3, 6]
[4, 0, 5]
[2, 1, 8]

当前深度: 129
[7, 0, 6]
[4, 3, 5]
[2, 1, 8]

当前深度: 130
[0, 7, 6]
[4, 3, 5]
[2, 1, 8]

当前深度: 131
[4, 7, 6]
[0, 3, 5]
[2, 1, 8]

当前深度: 132
[4, 7, 6]
[3, 0, 5]
[2, 1, 8]

当前深度: 133
[4, 0, 6]
[3, 7, 5]
[2, 1, 8]

当前深度: 134
[0, 4, 6]
[3, 7, 5]
[2, 1, 8]

当前深度: 135
[3, 4, 6]
[0, 7, 5]
[2, 1, 8]

当前深度: 136
[3, 4, 6]
[2, 7, 5]
[0, 1, 8]

当前深度: 137
[3, 4, 6]
[2, 7, 5]
[1, 0, 8]

当前深度: 138
[3, 4, 6]
[2, 7, 5]
[1, 8, 0]

当前深度: 139
[3, 4, 6]
[2, 7, 0]
[1, 8, 5]

当前深度: 140
[3, 4, 0]
[2, 7, 6]
[1, 8, 5]

当前深度: 141
[3, 0, 4]
[2, 7, 6]
[1, 8, 5]

当前深度: 142
[0, 3, 4]
[2, 7, 6]
[1, 8, 5]

当前深度: 143
[2, 3, 4]
[0, 7, 6]
[1, 8, 5]

当前深度: 144
[2, 3, 4]
[7, 0, 6]
[1, 8, 5]

当前深度: 145
[2, 0, 4]
[7, 3, 6]
[1, 8, 5]

当前深度: 146
[0, 2, 4]
[7, 3, 6]
[1, 8, 5]

当前深度: 147
[7, 2, 4]
[0, 3, 6]
[1, 8, 5]

当前深度: 148
[7, 2, 4]
[3, 0, 6]
[1, 8, 5]

当前深度: 149
[7, 0, 4]
[3, 2, 6]
[1, 8, 5]

当前深度: 150
[0, 7, 4]
[3, 2, 6]
[1, 8, 5]

当前深度: 151
[3, 7, 4]
[0, 2, 6]
[1, 8, 5]

当前深度: 152
[3, 7, 4]
[2, 0, 6]
[1, 8, 5]

当前深度: 153
[3, 7, 4]
[2, 6, 0]
[1, 8, 5]

当前深度: 154
[3, 7, 0]
[2, 6, 4]
[1, 8, 5]

当前深度: 155
[3, 0, 7]
[2, 6, 4]
[1, 8, 5]

当前深度: 156
[0, 3, 7]
[2, 6, 4]
[1, 8, 5]

当前深度: 157
[2, 3, 7]
[0, 6, 4]
[1, 8, 5]

当前深度: 158
[2, 3, 7]
[6, 0, 4]
[1, 8, 5]

当前深度: 159
[2, 0, 7]
[6, 3, 4]
[1, 8, 5]

当前深度: 160
[0, 2, 7]
[6, 3, 4]
[1, 8, 5]

当前深度: 161
[6, 2, 7]
[0, 3, 4]
[1, 8, 5]

当前深度: 162
[6, 2, 7]
[3, 0, 4]
[1, 8, 5]

当前深度: 163
[6, 0, 7]
[3, 2, 4]
[1, 8, 5]

当前深度: 164
[0, 6, 7]
[3, 2, 4]
[1, 8, 5]

当前深度: 165
[3, 6, 7]
[0, 2, 4]
[1, 8, 5]

当前深度: 166
[3, 6, 7]
[2, 0, 4]
[1, 8, 5]

当前深度: 167
[3, 6, 7]
[2, 4, 0]
[1, 8, 5]

当前深度: 168
[3, 6, 0]
[2, 4, 7]
[1, 8, 5]

当前深度: 169
[3, 0, 6]
[2, 4, 7]
[1, 8, 5]

当前深度: 170
[0, 3, 6]
[2, 4, 7]
[1, 8, 5]

当前深度: 171
[2, 3, 6]
[0, 4, 7]
[1, 8, 5]

当前深度: 172
[2, 3, 6]
[4, 0, 7]
[1, 8, 5]

当前深度: 173
[2, 0, 6]
[4, 3, 7]
[1, 8, 5]

当前深度: 174
[0, 2, 6]
[4, 3, 7]
[1, 8, 5]

当前深度: 175
[4, 2, 6]
[0, 3, 7]
[1, 8, 5]

当前深度: 176
[4, 2, 6]
[3, 0, 7]
[1, 8, 5]

当前深度: 177
[4, 0, 6]
[3, 2, 7]
[1, 8, 5]

当前深度: 178
[0, 4, 6]
[3, 2, 7]
[1, 8, 5]

当前深度: 179
[3, 4, 6]
[0, 2, 7]
[1, 8, 5]

当前深度: 180
[3, 4, 6]
[2, 0, 7]
[1, 8, 5]

当前深度: 181
[3, 4, 6]
[2, 8, 7]
[1, 0, 5]

当前深度: 182
[3, 4, 6]
[2, 8, 7]
[0, 1, 5]

当前深度: 183
[3, 4, 6]
[0, 8, 7]
[2, 1, 5]

当前深度: 184
[0, 4, 6]
[3, 8, 7]
[2, 1, 5]

当前深度: 185
[4, 0, 6]
[3, 8, 7]
[2, 1, 5]

当前深度: 186
[4, 6, 0]
[3, 8, 7]
[2, 1, 5]

当前深度: 187
[4, 6, 7]
[3, 8, 0]
[2, 1, 5]

当前深度: 188
[4, 6, 7]
[3, 0, 8]
[2, 1, 5]

当前深度: 189
[4, 0, 7]
[3, 6, 8]
[2, 1, 5]

当前深度: 190
[0, 4, 7]
[3, 6, 8]
[2, 1, 5]

当前深度: 191
[3, 4, 7]
[0, 6, 8]
[2, 1, 5]

当前深度: 192
[3, 4, 7]
[6, 0, 8]
[2, 1, 5]

当前深度: 193
[3, 0, 7]
[6, 4, 8]
[2, 1, 5]

当前深度: 194
[0, 3, 7]
[6, 4, 8]
[2, 1, 5]

当前深度: 195
[6, 3, 7]
[0, 4, 8]
[2, 1, 5]

当前深度: 196
[6, 3, 7]
[4, 0, 8]
[2, 1, 5]

当前深度: 197
[6, 0, 7]
[4, 3, 8]
[2, 1, 5]

当前深度: 198
[0, 6, 7]
[4, 3, 8]
[2, 1, 5]

当前深度: 199
[4, 6, 7]
[0, 3, 8]
[2, 1, 5]

当前深度: 200
[4, 6, 7]
[2, 3, 8]
[0, 1, 5]

当前深度: 201
[4, 6, 7]
[2, 3, 8]
[1, 0, 5]

当前深度: 202
[4, 6, 7]
[2, 0, 8]
[1, 3, 5]

当前深度: 203
[4, 0, 7]
[2, 6, 8]
[1, 3, 5]

当前深度: 204
[0, 4, 7]
[2, 6, 8]
[1, 3, 5]

当前深度: 205
[2, 4, 7]
[0, 6, 8]
[1, 3, 5]

当前深度: 206
[2, 4, 7]
[6, 0, 8]
[1, 3, 5]

当前深度: 207
[2, 0, 7]
[6, 4, 8]
[1, 3, 5]

当前深度: 208
[0, 2, 7]
[6, 4, 8]
[1, 3, 5]

当前深度: 209
[6, 2, 7]
[0, 4, 8]
[1, 3, 5]

当前深度: 210
[6, 2, 7]
[4, 0, 8]
[1, 3, 5]

当前深度: 211
[6, 0, 7]
[4, 2, 8]
[1, 3, 5]

当前深度: 212
[0, 6, 7]
[4, 2, 8]
[1, 3, 5]

当前深度: 213
[4, 6, 7]
[0, 2, 8]
[1, 3, 5]

当前深度: 214
[4, 6, 7]
[1, 2, 8]
[0, 3, 5]

当前深度: 215
[4, 6, 7]
[1, 2, 8]
[3, 0, 5]

当前深度: 216
[4, 6, 7]
[1, 0, 8]
[3, 2, 5]

当前深度: 217
[4, 0, 7]
[1, 6, 8]
[3, 2, 5]

当前深度: 218
[0, 4, 7]
[1, 6, 8]
[3, 2, 5]

当前深度: 219
[1, 4, 7]
[0, 6, 8]
[3, 2, 5]

当前深度: 220
[1, 4, 7]
[6, 0, 8]
[3, 2, 5]

当前深度: 221
[1, 0, 7]
[6, 4, 8]
[3, 2, 5]

当前深度: 222
[0, 1, 7]
[6, 4, 8]
[3, 2, 5]

当前深度: 223
[6, 1, 7]
[0, 4, 8]
[3, 2, 5]

当前深度: 224
[6, 1, 7]
[4, 0, 8]
[3, 2, 5]

当前深度: 225
[6, 0, 7]
[4, 1, 8]
[3, 2, 5]

当前深度: 226
[0, 6, 7]
[4, 1, 8]
[3, 2, 5]

当前深度: 227
[4, 6, 7]
[0, 1, 8]
[3, 2, 5]

当前深度: 228
[4, 6, 7]
[3, 1, 8]
[0, 2, 5]

当前深度: 229
[4, 6, 7]
[3, 1, 8]
[2, 0, 5]

当前深度: 230
[4, 6, 7]
[3, 1, 8]
[2, 5, 0]

当前深度: 231
[4, 6, 7]
[3, 1, 0]
[2, 5, 8]

当前深度: 232
[4, 6, 0]
[3, 1, 7]
[2, 5, 8]

当前深度: 233
[4, 0, 6]
[3, 1, 7]
[2, 5, 8]

当前深度: 234
[0, 4, 6]
[3, 1, 7]
[2, 5, 8]

当前深度: 235
[3, 4, 6]
[0, 1, 7]
[2, 5, 8]

当前深度: 236
[3, 4, 6]
[1, 0, 7]
[2, 5, 8]

当前深度: 237
[3, 0, 6]
[1, 4, 7]
[2, 5, 8]

当前深度: 238
[0, 3, 6]
[1, 4, 7]
[2, 5, 8]

当前深度: 239
[1, 3, 6]
[0, 4, 7]
[2, 5, 8]

当前深度: 240
[1, 3, 6]
[4, 0, 7]
[2, 5, 8]

当前深度: 241
[1, 0, 6]
[4, 3, 7]
[2, 5, 8]

当前深度: 242
[0, 1, 6]
[4, 3, 7]
[2, 5, 8]

当前深度: 243
[4, 1, 6]
[0, 3, 7]
[2, 5, 8]

当前深度: 244
[4, 1, 6]
[3, 0, 7]
[2, 5, 8]

当前深度: 245
[4, 1, 6]
[3, 7, 0]
[2, 5, 8]

当前深度: 246
[4, 1, 0]
[3, 7, 6]
[2, 5, 8]

当前深度: 247
[4, 0, 1]
[3, 7, 6]
[2, 5, 8]

当前深度: 248
[0, 4, 1]
[3, 7, 6]
[2, 5, 8]

当前深度: 249
[3, 4, 1]
[0, 7, 6]
[2, 5, 8]

当前深度: 250
[3, 4, 1]
[7, 0, 6]
[2, 5, 8]

当前深度: 251
[3, 0, 1]
[7, 4, 6]
[2, 5, 8]

当前深度: 252
[0, 3, 1]
[7, 4, 6]
[2, 5, 8]

当前深度: 253
[7, 3, 1]
[0, 4, 6]
[2, 5, 8]

当前深度: 254
[7, 3, 1]
[4, 0, 6]
[2, 5, 8]

当前深度: 255
[7, 0, 1]
[4, 3, 6]
[2, 5, 8]

当前深度: 256
[0, 7, 1]
[4, 3, 6]
[2, 5, 8]

当前深度: 257
[4, 7, 1]
[0, 3, 6]
[2, 5, 8]

当前深度: 258
[4, 7, 1]
[3, 0, 6]
[2, 5, 8]

当前深度: 259
[4, 7, 1]
[3, 6, 0]
[2, 5, 8]

当前深度: 260
[4, 7, 0]
[3, 6, 1]
[2, 5, 8]

当前深度: 261
[4, 0, 7]
[3, 6, 1]
[2, 5, 8]

当前深度: 262
[0, 4, 7]
[3, 6, 1]
[2, 5, 8]

当前深度: 263
[3, 4, 7]
[0, 6, 1]
[2, 5, 8]

当前深度: 264
[3, 4, 7]
[6, 0, 1]
[2, 5, 8]

当前深度: 265
[3, 0, 7]
[6, 4, 1]
[2, 5, 8]

当前深度: 266
[0, 3, 7]
[6, 4, 1]
[2, 5, 8]

当前深度: 267
[6, 3, 7]
[0, 4, 1]
[2, 5, 8]

当前深度: 268
[6, 3, 7]
[4, 0, 1]
[2, 5, 8]

当前深度: 269
[6, 0, 7]
[4, 3, 1]
[2, 5, 8]

当前深度: 270
[0, 6, 7]
[4, 3, 1]
[2, 5, 8]

当前深度: 271
[4, 6, 7]
[0, 3, 1]
[2, 5, 8]

当前深度: 272
[4, 6, 7]
[3, 0, 1]
[2, 5, 8]

当前深度: 273
[4, 6, 7]
[3, 5, 1]
[2, 0, 8]

当前深度: 274
[4, 6, 7]
[3, 5, 1]
[0, 2, 8]

当前深度: 275
[4, 6, 7]
[0, 5, 1]
[3, 2, 8]

当前深度: 276
[0, 6, 7]
[4, 5, 1]
[3, 2, 8]

当前深度: 277
[6, 0, 7]
[4, 5, 1]
[3, 2, 8]

当前深度: 278
[6, 7, 0]
[4, 5, 1]
[3, 2, 8]

当前深度: 279
[6, 7, 1]
[4, 5, 0]
[3, 2, 8]

当前深度: 280
[6, 7, 1]
[4, 0, 5]
[3, 2, 8]

当前深度: 281
[6, 0, 1]
[4, 7, 5]
[3, 2, 8]

当前深度: 282
[0, 6, 1]
[4, 7, 5]
[3, 2, 8]

当前深度: 283
[4, 6, 1]
[0, 7, 5]
[3, 2, 8]

当前深度: 284
[4, 6, 1]
[7, 0, 5]
[3, 2, 8]

当前深度: 285
[4, 0, 1]
[7, 6, 5]
[3, 2, 8]

当前深度: 286
[0, 4, 1]
[7, 6, 5]
[3, 2, 8]

当前深度: 287
[7, 4, 1]
[0, 6, 5]
[3, 2, 8]

当前深度: 288
[7, 4, 1]
[6, 0, 5]
[3, 2, 8]

当前深度: 289
[7, 0, 1]
[6, 4, 5]
[3, 2, 8]

当前深度: 290
[0, 7, 1]
[6, 4, 5]
[3, 2, 8]

当前深度: 291
[6, 7, 1]
[0, 4, 5]
[3, 2, 8]

当前深度: 292
[6, 7, 1]
[3, 4, 5]
[0, 2, 8]

当前深度: 293
[6, 7, 1]
[3, 4, 5]
[2, 0, 8]

当前深度: 294
[6, 7, 1]
[3, 0, 5]
[2, 4, 8]

当前深度: 295
[6, 0, 1]
[3, 7, 5]
[2, 4, 8]

当前深度: 296
[0, 6, 1]
[3, 7, 5]
[2, 4, 8]

当前深度: 297
[3, 6, 1]
[0, 7, 5]
[2, 4, 8]

当前深度: 298
[3, 6, 1]
[7, 0, 5]
[2, 4, 8]

当前深度: 299
[3, 0, 1]
[7, 6, 5]
[2, 4, 8]

当前深度: 300
[0, 3, 1]
[7, 6, 5]
[2, 4, 8]

当前深度: 301
[7, 3, 1]
[0, 6, 5]
[2, 4, 8]

当前深度: 302
[7, 3, 1]
[6, 0, 5]
[2, 4, 8]

当前深度: 303
[7, 0, 1]
[6, 3, 5]
[2, 4, 8]

当前深度: 304
[0, 7, 1]
[6, 3, 5]
[2, 4, 8]

当前深度: 305
[6, 7, 1]
[0, 3, 5]
[2, 4, 8]

当前深度: 306
[6, 7, 1]
[2, 3, 5]
[0, 4, 8]

当前深度: 307
[6, 7, 1]
[2, 3, 5]
[4, 0, 8]

当前深度: 308
[6, 7, 1]
[2, 0, 5]
[4, 3, 8]

当前深度: 309
[6, 0, 1]
[2, 7, 5]
[4, 3, 8]

当前深度: 310
[0, 6, 1]
[2, 7, 5]
[4, 3, 8]

当前深度: 311
[2, 6, 1]
[0, 7, 5]
[4, 3, 8]

当前深度: 312
[2, 6, 1]
[7, 0, 5]
[4, 3, 8]

当前深度: 313
[2, 0, 1]
[7, 6, 5]
[4, 3, 8]

当前深度: 314
[0, 2, 1]
[7, 6, 5]
[4, 3, 8]

当前深度: 315
[7, 2, 1]
[0, 6, 5]
[4, 3, 8]

当前深度: 316
[7, 2, 1]
[6, 0, 5]
[4, 3, 8]

当前深度: 317
[7, 0, 1]
[6, 2, 5]
[4, 3, 8]

当前深度: 318
[0, 7, 1]
[6, 2, 5]
[4, 3, 8]

当前深度: 319
[6, 7, 1]
[0, 2, 5]
[4, 3, 8]

当前深度: 320
[6, 7, 1]
[4, 2, 5]
[0, 3, 8]

当前深度: 321
[6, 7, 1]
[4, 2, 5]
[3, 0, 8]

当前深度: 322
[6, 7, 1]
[4, 2, 5]
[3, 8, 0]

当前深度: 323
[6, 7, 1]
[4, 2, 0]
[3, 8, 5]

当前深度: 324
[6, 7, 0]
[4, 2, 1]
[3, 8, 5]

当前深度: 325
[6, 0, 7]
[4, 2, 1]
[3, 8, 5]

当前深度: 326
[0, 6, 7]
[4, 2, 1]
[3, 8, 5]

当前深度: 327
[4, 6, 7]
[0, 2, 1]
[3, 8, 5]

当前深度: 328
[4, 6, 7]
[2, 0, 1]
[3, 8, 5]

当前深度: 329
[4, 0, 7]
[2, 6, 1]
[3, 8, 5]

当前深度: 330
[0, 4, 7]
[2, 6, 1]
[3, 8, 5]

当前深度: 331
[2, 4, 7]
[0, 6, 1]
[3, 8, 5]

当前深度: 332
[2, 4, 7]
[6, 0, 1]
[3, 8, 5]

当前深度: 333
[2, 0, 7]
[6, 4, 1]
[3, 8, 5]

当前深度: 334
[0, 2, 7]
[6, 4, 1]
[3, 8, 5]

当前深度: 335
[6, 2, 7]
[0, 4, 1]
[3, 8, 5]

当前深度: 336
[6, 2, 7]
[4, 0, 1]
[3, 8, 5]

当前深度: 337
[6, 2, 7]
[4, 1, 0]
[3, 8, 5]

当前深度: 338
[6, 2, 0]
[4, 1, 7]
[3, 8, 5]

当前深度: 339
[6, 0, 2]
[4, 1, 7]
[3, 8, 5]

当前深度: 340
[0, 6, 2]
[4, 1, 7]
[3, 8, 5]

当前深度: 341
[4, 6, 2]
[0, 1, 7]
[3, 8, 5]

当前深度: 342
[4, 6, 2]
[1, 0, 7]
[3, 8, 5]

当前深度: 343
[4, 0, 2]
[1, 6, 7]
[3, 8, 5]

当前深度: 344
[0, 4, 2]
[1, 6, 7]
[3, 8, 5]

当前深度: 345
[1, 4, 2]
[0, 6, 7]
[3, 8, 5]

当前深度: 346
[1, 4, 2]
[6, 0, 7]
[3, 8, 5]

当前深度: 347
[1, 0, 2]
[6, 4, 7]
[3, 8, 5]

当前深度: 348
[0, 1, 2]
[6, 4, 7]
[3, 8, 5]

当前深度: 349
[6, 1, 2]
[0, 4, 7]
[3, 8, 5]

当前深度: 350
[6, 1, 2]
[4, 0, 7]
[3, 8, 5]

当前深度: 351
[6, 1, 2]
[4, 7, 0]
[3, 8, 5]

当前深度: 352
[6, 1, 0]
[4, 7, 2]
[3, 8, 5]

当前深度: 353
[6, 0, 1]
[4, 7, 2]
[3, 8, 5]

当前深度: 354
[0, 6, 1]
[4, 7, 2]
[3, 8, 5]

当前深度: 355
[4, 6, 1]
[0, 7, 2]
[3, 8, 5]

当前深度: 356
[4, 6, 1]
[7, 0, 2]
[3, 8, 5]

当前深度: 357
[4, 0, 1]
[7, 6, 2]
[3, 8, 5]

当前深度: 358
[0, 4, 1]
[7, 6, 2]
[3, 8, 5]

当前深度: 359
[7, 4, 1]
[0, 6, 2]
[3, 8, 5]

当前深度: 360
[7, 4, 1]
[6, 0, 2]
[3, 8, 5]

当前深度: 361
[7, 0, 1]
[6, 4, 2]
[3, 8, 5]

当前深度: 362
[0, 7, 1]
[6, 4, 2]
[3, 8, 5]

当前深度: 363
[6, 7, 1]
[0, 4, 2]
[3, 8, 5]

当前深度: 364
[6, 7, 1]
[4, 0, 2]
[3, 8, 5]

当前深度: 365
[6, 7, 1]
[4, 8, 2]
[3, 0, 5]

当前深度: 366
[6, 7, 1]
[4, 8, 2]
[0, 3, 5]

当前深度: 367
[6, 7, 1]
[0, 8, 2]
[4, 3, 5]

当前深度: 368
[0, 7, 1]
[6, 8, 2]
[4, 3, 5]

当前深度: 369
[7, 0, 1]
[6, 8, 2]
[4, 3, 5]

当前深度: 370
[7, 1, 0]
[6, 8, 2]
[4, 3, 5]

当前深度: 371
[7, 1, 2]
[6, 8, 0]
[4, 3, 5]

当前深度: 372
[7, 1, 2]
[6, 0, 8]
[4, 3, 5]

当前深度: 373
[7, 0, 2]
[6, 1, 8]
[4, 3, 5]

当前深度: 374
[0, 7, 2]
[6, 1, 8]
[4, 3, 5]

当前深度: 375
[6, 7, 2]
[0, 1, 8]
[4, 3, 5]

当前深度: 376
[6, 7, 2]
[1, 0, 8]
[4, 3, 5]

当前深度: 377
[6, 0, 2]
[1, 7, 8]
[4, 3, 5]

当前深度: 378
[0, 6, 2]
[1, 7, 8]
[4, 3, 5]

当前深度: 379
[1, 6, 2]
[0, 7, 8]
[4, 3, 5]

当前深度: 380
[1, 6, 2]
[7, 0, 8]
[4, 3, 5]

当前深度: 381
[1, 0, 2]
[7, 6, 8]
[4, 3, 5]

当前深度: 382
[0, 1, 2]
[7, 6, 8]
[4, 3, 5]

当前深度: 383
[7, 1, 2]
[0, 6, 8]
[4, 3, 5]

当前深度: 384
[7, 1, 2]
[4, 6, 8]
[0, 3, 5]

当前深度: 385
[7, 1, 2]
[4, 6, 8]
[3, 0, 5]

当前深度: 386
[7, 1, 2]
[4, 0, 8]
[3, 6, 5]

当前深度: 387
[7, 0, 2]
[4, 1, 8]
[3, 6, 5]

当前深度: 388
[0, 7, 2]
[4, 1, 8]
[3, 6, 5]

当前深度: 389
[4, 7, 2]
[0, 1, 8]
[3, 6, 5]

当前深度: 390
[4, 7, 2]
[1, 0, 8]
[3, 6, 5]

当前深度: 391
[4, 0, 2]
[1, 7, 8]
[3, 6, 5]

当前深度: 392
[0, 4, 2]
[1, 7, 8]
[3, 6, 5]

当前深度: 393
[1, 4, 2]
[0, 7, 8]
[3, 6, 5]

当前深度: 394
[1, 4, 2]
[7, 0, 8]
[3, 6, 5]

当前深度: 395
[1, 0, 2]
[7, 4, 8]
[3, 6, 5]

当前深度: 396
[0, 1, 2]
[7, 4, 8]
[3, 6, 5]

当前深度: 397
[7, 1, 2]
[0, 4, 8]
[3, 6, 5]

当前深度: 398
[7, 1, 2]
[3, 4, 8]
[0, 6, 5]

当前深度: 399
[7, 1, 2]
[3, 4, 8]
[6, 0, 5]

当前深度: 400
[7, 1, 2]
[3, 0, 8]
[6, 4, 5]

当前深度: 401
[7, 0, 2]
[3, 1, 8]
[6, 4, 5]

当前深度: 402
[0, 7, 2]
[3, 1, 8]
[6, 4, 5]

当前深度: 403
[3, 7, 2]
[0, 1, 8]
[6, 4, 5]

当前深度: 404
[3, 7, 2]
[1, 0, 8]
[6, 4, 5]

当前深度: 405
[3, 0, 2]
[1, 7, 8]
[6, 4, 5]

当前深度: 406
[0, 3, 2]
[1, 7, 8]
[6, 4, 5]

当前深度: 407
[1, 3, 2]
[0, 7, 8]
[6, 4, 5]

当前深度: 408
[1, 3, 2]
[7, 0, 8]
[6, 4, 5]

当前深度: 409
[1, 0, 2]
[7, 3, 8]
[6, 4, 5]

当前深度: 410
[0, 1, 2]
[7, 3, 8]
[6, 4, 5]

当前深度: 411
[7, 1, 2]
[0, 3, 8]
[6, 4, 5]

当前深度: 412
[7, 1, 2]
[6, 3, 8]
[0, 4, 5]

当前深度: 413
[7, 1, 2]
[6, 3, 8]
[4, 0, 5]

当前深度: 414
[7, 1, 2]
[6, 3, 8]
[4, 5, 0]

当前深度: 415
[7, 1, 2]
[6, 3, 0]
[4, 5, 8]

当前深度: 416
[7, 1, 0]
[6, 3, 2]
[4, 5, 8]

当前深度: 417
[7, 0, 1]
[6, 3, 2]
[4, 5, 8]

当前深度: 418
[0, 7, 1]
[6, 3, 2]
[4, 5, 8]

当前深度: 419
[6, 7, 1]
[0, 3, 2]
[4, 5, 8]

当前深度: 420
[6, 7, 1]
[3, 0, 2]
[4, 5, 8]

当前深度: 421
[6, 0, 1]
[3, 7, 2]
[4, 5, 8]

当前深度: 422
[0, 6, 1]
[3, 7, 2]
[4, 5, 8]

当前深度: 423
[3, 6, 1]
[0, 7, 2]
[4, 5, 8]

当前深度: 424
[3, 6, 1]
[7, 0, 2]
[4, 5, 8]

当前深度: 425
[3, 0, 1]
[7, 6, 2]
[4, 5, 8]

当前深度: 426
[0, 3, 1]
[7, 6, 2]
[4, 5, 8]

当前深度: 427
[7, 3, 1]
[0, 6, 2]
[4, 5, 8]

当前深度: 428
[7, 3, 1]
[6, 0, 2]
[4, 5, 8]

当前深度: 429
[7, 3, 1]
[6, 2, 0]
[4, 5, 8]

当前深度: 430
[7, 3, 0]
[6, 2, 1]
[4, 5, 8]

当前深度: 431
[7, 0, 3]
[6, 2, 1]
[4, 5, 8]

当前深度: 432
[0, 7, 3]
[6, 2, 1]
[4, 5, 8]

当前深度: 433
[6, 7, 3]
[0, 2, 1]
[4, 5, 8]

当前深度: 434
[6, 7, 3]
[2, 0, 1]
[4, 5, 8]

当前深度: 435
[6, 0, 3]
[2, 7, 1]
[4, 5, 8]

当前深度: 436
[0, 6, 3]
[2, 7, 1]
[4, 5, 8]

当前深度: 437
[2, 6, 3]
[0, 7, 1]
[4, 5, 8]

当前深度: 438
[2, 6, 3]
[7, 0, 1]
[4, 5, 8]

当前深度: 439
[2, 0, 3]
[7, 6, 1]
[4, 5, 8]

当前深度: 440
[0, 2, 3]
[7, 6, 1]
[4, 5, 8]

当前深度: 441
[7, 2, 3]
[0, 6, 1]
[4, 5, 8]

当前深度: 442
[7, 2, 3]
[6, 0, 1]
[4, 5, 8]

当前深度: 443
[7, 2, 3]
[6, 1, 0]
[4, 5, 8]

当前深度: 444
[7, 2, 0]
[6, 1, 3]
[4, 5, 8]

当前深度: 445
[7, 0, 2]
[6, 1, 3]
[4, 5, 8]

当前深度: 446
[0, 7, 2]
[6, 1, 3]
[4, 5, 8]

当前深度: 447
[6, 7, 2]
[0, 1, 3]
[4, 5, 8]

当前深度: 448
[6, 7, 2]
[1, 0, 3]
[4, 5, 8]

当前深度: 449
[6, 0, 2]
[1, 7, 3]
[4, 5, 8]

当前深度: 450
[0, 6, 2]
[1, 7, 3]
[4, 5, 8]

当前深度: 451
[1, 6, 2]
[0, 7, 3]
[4, 5, 8]

当前深度: 452
[1, 6, 2]
[7, 0, 3]
[4, 5, 8]

当前深度: 453
[1, 0, 2]
[7, 6, 3]
[4, 5, 8]

当前深度: 454
[0, 1, 2]
[7, 6, 3]
[4, 5, 8]

当前深度: 455
[7, 1, 2]
[0, 6, 3]
[4, 5, 8]

当前深度: 456
[7, 1, 2]
[6, 0, 3]
[4, 5, 8]

当前深度: 457
[7, 1, 2]
[6, 5, 3]
[4, 0, 8]

当前深度: 458
[7, 1, 2]
[6, 5, 3]
[0, 4, 8]

当前深度: 459
[7, 1, 2]
[0, 5, 3]
[6, 4, 8]

当前深度: 460
[0, 1, 2]
[7, 5, 3]
[6, 4, 8]

当前深度: 461
[1, 0, 2]
[7, 5, 3]
[6, 4, 8]

当前深度: 462
[1, 2, 0]
[7, 5, 3]
[6, 4, 8]

当前深度: 463
[1, 2, 3]
[7, 5, 0]
[6, 4, 8]

当前深度: 464
[1, 2, 3]
[7, 0, 5]
[6, 4, 8]

当前深度: 465
[1, 0, 3]
[7, 2, 5]
[6, 4, 8]

当前深度: 466
[0, 1, 3]
[7, 2, 5]
[6, 4, 8]

当前深度: 467
[7, 1, 3]
[0, 2, 5]
[6, 4, 8]

当前深度: 468
[7, 1, 3]
[2, 0, 5]
[6, 4, 8]

当前深度: 469
[7, 0, 3]
[2, 1, 5]
[6, 4, 8]

当前深度: 470
[0, 7, 3]
[2, 1, 5]
[6, 4, 8]

当前深度: 471
[2, 7, 3]
[0, 1, 5]
[6, 4, 8]

当前深度: 472
[2, 7, 3]
[1, 0, 5]
[6, 4, 8]

当前深度: 473
[2, 0, 3]
[1, 7, 5]
[6, 4, 8]

当前深度: 474
[0, 2, 3]
[1, 7, 5]
[6, 4, 8]

当前深度: 475
[1, 2, 3]
[0, 7, 5]
[6, 4, 8]

当前深度: 476
[1, 2, 3]
[6, 7, 5]
[0, 4, 8]

当前深度: 477
[1, 2, 3]
[6, 7, 5]
[4, 0, 8]

当前深度: 478
[1, 2, 3]
[6, 0, 5]
[4, 7, 8]

当前深度: 479
[1, 0, 3]
[6, 2, 5]
[4, 7, 8]

当前深度: 480
[0, 1, 3]
[6, 2, 5]
[4, 7, 8]

当前深度: 481
[6, 1, 3]
[0, 2, 5]
[4, 7, 8]

当前深度: 482
[6, 1, 3]
[2, 0, 5]
[4, 7, 8]

当前深度: 483
[6, 0, 3]
[2, 1, 5]
[4, 7, 8]

当前深度: 484
[0, 6, 3]
[2, 1, 5]
[4, 7, 8]

当前深度: 485
[2, 6, 3]
[0, 1, 5]
[4, 7, 8]

当前深度: 486
[2, 6, 3]
[1, 0, 5]
[4, 7, 8]

当前深度: 487
[2, 0, 3]
[1, 6, 5]
[4, 7, 8]

当前深度: 488
[0, 2, 3]
[1, 6, 5]
[4, 7, 8]

当前深度: 489
[1, 2, 3]
[0, 6, 5]
[4, 7, 8]

当前深度: 490
[1, 2, 3]
[4, 6, 5]
[0, 7, 8]

当前深度: 491
[1, 2, 3]
[4, 6, 5]
[7, 0, 8]

当前深度: 492
[1, 2, 3]
[4, 0, 5]
[7, 6, 8]

当前深度: 493
[1, 0, 3]
[4, 2, 5]
[7, 6, 8]

当前深度: 494
[0, 1, 3]
[4, 2, 5]
[7, 6, 8]

当前深度: 495
[4, 1, 3]
[0, 2, 5]
[7, 6, 8]

当前深度: 496
[4, 1, 3]
[2, 0, 5]
[7, 6, 8]

当前深度: 497
[4, 0, 3]
[2, 1, 5]
[7, 6, 8]

当前深度: 498
[0, 4, 3]
[2, 1, 5]
[7, 6, 8]

当前深度: 499
[2, 4, 3]
[0, 1, 5]
[7, 6, 8]

当前深度: 500
[2, 4, 3]
[1, 0, 5]
[7, 6, 8]

当前深度: 501
[2, 0, 3]
[1, 4, 5]
[7, 6, 8]

当前深度: 502
[0, 2, 3]
[1, 4, 5]
[7, 6, 8]

当前深度: 503
[1, 2, 3]
[0, 4, 5]
[7, 6, 8]

当前深度: 504
[1, 2, 3]
[7, 4, 5]
[0, 6, 8]

当前深度: 505
[1, 2, 3]
[7, 4, 5]
[6, 0, 8]

当前深度: 506
[1, 2, 3]
[7, 4, 5]
[6, 8, 0]

当前深度: 507
[1, 2, 3]
[7, 4, 0]
[6, 8, 5]

当前深度: 508
[1, 2, 0]
[7, 4, 3]
[6, 8, 5]

当前深度: 509
[1, 0, 2]
[7, 4, 3]
[6, 8, 5]

当前深度: 510
[0, 1, 2]
[7, 4, 3]
[6, 8, 5]

当前深度: 511
[7, 1, 2]
[0, 4, 3]
[6, 8, 5]

当前深度: 512
[7, 1, 2]
[4, 0, 3]
[6, 8, 5]

当前深度: 513
[7, 0, 2]
[4, 1, 3]
[6, 8, 5]

当前深度: 514
[0, 7, 2]
[4, 1, 3]
[6, 8, 5]

当前深度: 515
[4, 7, 2]
[0, 1, 3]
[6, 8, 5]

当前深度: 516
[4, 7, 2]
[1, 0, 3]
[6, 8, 5]

当前深度: 517
[4, 0, 2]
[1, 7, 3]
[6, 8, 5]

当前深度: 518
[0, 4, 2]
[1, 7, 3]
[6, 8, 5]

当前深度: 519
[1, 4, 2]
[0, 7, 3]
[6, 8, 5]

当前深度: 520
[1, 4, 2]
[7, 0, 3]
[6, 8, 5]

当前深度: 521
[1, 4, 2]
[7, 3, 0]
[6, 8, 5]

当前深度: 522
[1, 4, 0]
[7, 3, 2]
[6, 8, 5]

当前深度: 523
[1, 0, 4]
[7, 3, 2]
[6, 8, 5]

当前深度: 524
[0, 1, 4]
[7, 3, 2]
[6, 8, 5]

当前深度: 525
[7, 1, 4]
[0, 3, 2]
[6, 8, 5]

当前深度: 526
[7, 1, 4]
[3, 0, 2]
[6, 8, 5]

当前深度: 527
[7, 0, 4]
[3, 1, 2]
[6, 8, 5]

当前深度: 528
[0, 7, 4]
[3, 1, 2]
[6, 8, 5]

当前深度: 529
[3, 7, 4]
[0, 1, 2]
[6, 8, 5]

当前深度: 530
[3, 7, 4]
[1, 0, 2]
[6, 8, 5]

当前深度: 531
[3, 0, 4]
[1, 7, 2]
[6, 8, 5]

当前深度: 532
[0, 3, 4]
[1, 7, 2]
[6, 8, 5]

当前深度: 533
[1, 3, 4]
[0, 7, 2]
[6, 8, 5]

当前深度: 534
[1, 3, 4]
[7, 0, 2]
[6, 8, 5]

当前深度: 535
[1, 3, 4]
[7, 2, 0]
[6, 8, 5]

当前深度: 536
[1, 3, 0]
[7, 2, 4]
[6, 8, 5]

当前深度: 537
[1, 0, 3]
[7, 2, 4]
[6, 8, 5]

当前深度: 538
[0, 1, 3]
[7, 2, 4]
[6, 8, 5]

当前深度: 539
[7, 1, 3]
[0, 2, 4]
[6, 8, 5]

当前深度: 540
[7, 1, 3]
[2, 0, 4]
[6, 8, 5]

当前深度: 541
[7, 0, 3]
[2, 1, 4]
[6, 8, 5]

当前深度: 542
[0, 7, 3]
[2, 1, 4]
[6, 8, 5]

当前深度: 543
[2, 7, 3]
[0, 1, 4]
[6, 8, 5]

当前深度: 544
[2, 7, 3]
[1, 0, 4]
[6, 8, 5]

当前深度: 545
[2, 0, 3]
[1, 7, 4]
[6, 8, 5]

当前深度: 546
[0, 2, 3]
[1, 7, 4]
[6, 8, 5]

当前深度: 547
[1, 2, 3]
[0, 7, 4]
[6, 8, 5]

当前深度: 548
[1, 2, 3]
[7, 0, 4]
[6, 8, 5]

当前深度: 549
[1, 2, 3]
[7, 8, 4]
[6, 0, 5]

当前深度: 550
[1, 2, 3]
[7, 8, 4]
[0, 6, 5]

当前深度: 551
[1, 2, 3]
[0, 8, 4]
[7, 6, 5]

当前深度: 552
[1, 2, 3]
[8, 0, 4]
[7, 6, 5]

