解路径如下：
当前深度: 0
[0, 2, 3]
[1, 8, 4]
[7, 6, 5]

当前深度: 1
[2, 0, 3]
[1, 8, 4]
[7, 6, 5]

当前深度: 2
[2, 3, 0]
[1, 8, 4]
[7, 6, 5]

当前深度: 3
[2, 3, 4]
[1, 8, 0]
[7, 6, 5]

当前深度: 4
[2, 3, 4]
[1, 0, 8]
[7, 6, 5]

当前深度: 5
[2, 0, 4]
[1, 3, 8]
[7, 6, 5]

当前深度: 6
[0, 2, 4]
[1, 3, 8]
[7, 6, 5]

当前深度: 7
[1, 2, 4]
[0, 3, 8]
[7, 6, 5]

当前深度: 8
[1, 2, 4]
[3, 0, 8]
[7, 6, 5]

当前深度: 9
[1, 0, 4]
[3, 2, 8]
[7, 6, 5]

当前深度: 10
[0, 1, 4]
[3, 2, 8]
[7, 6, 5]

当前深度: 11
[3, 1, 4]
[0, 2, 8]
[7, 6, 5]

当前深度: 12
[3, 1, 4]
[2, 0, 8]
[7, 6, 5]

当前深度: 13
[3, 0, 4]
[2, 1, 8]
[7, 6, 5]

当前深度: 14
[0, 3, 4]
[2, 1, 8]
[7, 6, 5]

当前深度: 15
[2, 3, 4]
[0, 1, 8]
[7, 6, 5]

当前深度: 16
[2, 3, 4]
[7, 1, 8]
[0, 6, 5]

当前深度: 17
[2, 3, 4]
[7, 1, 8]
[6, 0, 5]

当前深度: 18
[2, 3, 4]
[7, 0, 8]
[6, 1, 5]

当前深度: 19
[2, 0, 4]
[7, 3, 8]
[6, 1, 5]

当前深度: 20
[0, 2, 4]
[7, 3, 8]
[6, 1, 5]

当前深度: 21
[7, 2, 4]
[0, 3, 8]
[6, 1, 5]

当前深度: 22
[7, 2, 4]
[3, 0, 8]
[6, 1, 5]

当前深度: 23
[7, 0, 4]
[3, 2, 8]
[6, 1, 5]

当前深度: 24
[0, 7, 4]
[3, 2, 8]
[6, 1, 5]

当前深度: 25
[3, 7, 4]
[0, 2, 8]
[6, 1, 5]

当前深度: 26
[3, 7, 4]
[2, 0, 8]
[6, 1, 5]

当前深度: 27
[3, 0, 4]
[2, 7, 8]
[6, 1, 5]

当前深度: 28
[0, 3, 4]
[2, 7, 8]
[6, 1, 5]

当前深度: 29
[2, 3, 4]
[0, 7, 8]
[6, 1, 5]

当前深度: 30
[2, 3, 4]
[6, 7, 8]
[0, 1, 5]

当前深度: 31
[2, 3, 4]
[6, 7, 8]
[1, 0, 5]

当前深度: 32
[2, 3, 4]
[6, 0, 8]
[1, 7, 5]

当前深度: 33
[2, 3, 4]
[6, 8, 0]
[1, 7, 5]

当前深度: 34
[2, 3, 0]
[6, 8, 4]
[1, 7, 5]

当前深度: 35
[2, 0, 3]
[6, 8, 4]
[1, 7, 5]

当前深度: 36
[2, 8, 3]
[6, 0, 4]
[1, 7, 5]

当前深度: 37
[2, 8, 3]
[0, 6, 4]
[1, 7, 5]

当前深度: 38
[2, 8, 3]
[1, 6, 4]
[0, 7, 5]

当前深度: 39
[2, 8, 3]
[1, 6, 4]
[7, 0, 5]

当前深度: 40
[2, 8, 3]
[1, 0, 4]
[7, 6, 5]

当前深度: 41
[2, 8, 3]
[0, 1, 4]
[7, 6, 5]

当前深度: 42
[0, 8, 3]
[2, 1, 4]
[7, 6, 5]

当前深度: 43
[8, 0, 3]
[2, 1, 4]
[7, 6, 5]

当前深度: 44
[8, 1, 3]
[2, 0, 4]
[7, 6, 5]

当前深度: 45
[8, 1, 3]
[0, 2, 4]
[7, 6, 5]

当前深度: 46
[0, 1, 3]
[8, 2, 4]
[7, 6, 5]

当前深度: 47
[1, 0, 3]
[8, 2, 4]
[7, 6, 5]

当前深度: 48
[1, 2, 3]
[8, 0, 4]
[7, 6, 5]

