总路径如下：
当前步数: 0, 当前深度: 0
[0, 2, 3]
[1, 8, 4]
[7, 6, 5]

当前步数: 1, 当前深度: 1
[2, 0, 3]
[1, 8, 4]
[7, 6, 5]

当前步数: 2, 当前深度: 2
[2, 3, 0]
[1, 8, 4]
[7, 6, 5]

当前步数: 3, 当前深度: 3
[2, 3, 4]
[1, 8, 0]
[7, 6, 5]

当前步数: 4, 当前深度: 4
[2, 3, 4]
[1, 0, 8]
[7, 6, 5]

当前步数: 5, 当前深度: 5
[2, 0, 4]
[1, 3, 8]
[7, 6, 5]

当前步数: 6, 当前深度: 6
[0, 2, 4]
[1, 3, 8]
[7, 6, 5]

当前步数: 7, 当前深度: 7
[1, 2, 4]
[0, 3, 8]
[7, 6, 5]

当前步数: 8, 当前深度: 8
[1, 2, 4]
[3, 0, 8]
[7, 6, 5]

当前步数: 9, 当前深度: 9
[1, 0, 4]
[3, 2, 8]
[7, 6, 5]

当前步数: 10, 当前深度: 10
[0, 1, 4]
[3, 2, 8]
[7, 6, 5]

当前步数: 11, 当前深度: 11
[3, 1, 4]
[0, 2, 8]
[7, 6, 5]

当前步数: 12, 当前深度: 12
[3, 1, 4]
[2, 0, 8]
[7, 6, 5]

当前步数: 13, 当前深度: 13
[3, 0, 4]
[2, 1, 8]
[7, 6, 5]

当前步数: 14, 当前深度: 14
[0, 3, 4]
[2, 1, 8]
[7, 6, 5]

当前步数: 15, 当前深度: 15
[2, 3, 4]
[0, 1, 8]
[7, 6, 5]

当前步数: 16, 当前深度: 16
[2, 3, 4]
[7, 1, 8]
[0, 6, 5]

当前步数: 17, 当前深度: 17
[2, 3, 4]
[7, 1, 8]
[6, 0, 5]

当前步数: 18, 当前深度: 18
[2, 3, 4]
[7, 0, 8]
[6, 1, 5]

当前步数: 19, 当前深度: 19
[2, 0, 4]
[7, 3, 8]
[6, 1, 5]

当前步数: 20, 当前深度: 20
[0, 2, 4]
[7, 3, 8]
[6, 1, 5]

当前步数: 21, 当前深度: 21
[7, 2, 4]
[0, 3, 8]
[6, 1, 5]

当前步数: 22, 当前深度: 22
[7, 2, 4]
[3, 0, 8]
[6, 1, 5]

当前步数: 23, 当前深度: 23
[7, 0, 4]
[3, 2, 8]
[6, 1, 5]

当前步数: 24, 当前深度: 24
[0, 7, 4]
[3, 2, 8]
[6, 1, 5]

当前步数: 25, 当前深度: 25
[3, 7, 4]
[0, 2, 8]
[6, 1, 5]

当前步数: 26, 当前深度: 26
[3, 7, 4]
[2, 0, 8]
[6, 1, 5]

当前步数: 27, 当前深度: 27
[3, 0, 4]
[2, 7, 8]
[6, 1, 5]

当前步数: 28, 当前深度: 28
[0, 3, 4]
[2, 7, 8]
[6, 1, 5]

当前步数: 29, 当前深度: 29
[2, 3, 4]
[0, 7, 8]
[6, 1, 5]

当前步数: 30, 当前深度: 30
[2, 3, 4]
[6, 7, 8]
[0, 1, 5]

当前步数: 31, 当前深度: 31
[2, 3, 4]
[6, 7, 8]
[1, 0, 5]

当前步数: 32, 当前深度: 32
[2, 3, 4]
[6, 0, 8]
[1, 7, 5]

当前步数: 33, 当前深度: 33
[2, 0, 4]
[6, 3, 8]
[1, 7, 5]

当前步数: 34, 当前深度: 34
[0, 2, 4]
[6, 3, 8]
[1, 7, 5]

当前步数: 35, 当前深度: 35
[6, 2, 4]
[0, 3, 8]
[1, 7, 5]

当前步数: 36, 当前深度: 36
[6, 2, 4]
[3, 0, 8]
[1, 7, 5]

当前步数: 37, 当前深度: 37
[6, 0, 4]
[3, 2, 8]
[1, 7, 5]

当前步数: 38, 当前深度: 38
[0, 6, 4]
[3, 2, 8]
[1, 7, 5]

当前步数: 39, 当前深度: 39
[3, 6, 4]
[0, 2, 8]
[1, 7, 5]

当前步数: 40, 当前深度: 40
[3, 6, 4]
[2, 0, 8]
[1, 7, 5]

当前步数: 41, 当前深度: 41
[3, 0, 4]
[2, 6, 8]
[1, 7, 5]

当前步数: 42, 当前深度: 42
[0, 3, 4]
[2, 6, 8]
[1, 7, 5]

当前步数: 43, 当前深度: 43
[2, 3, 4]
[0, 6, 8]
[1, 7, 5]

当前步数: 44, 当前深度: 44
[2, 3, 4]
[1, 6, 8]
[0, 7, 5]

当前步数: 45, 当前深度: 45
[2, 3, 4]
[1, 6, 8]
[7, 0, 5]

当前步数: 46, 当前深度: 46
[2, 3, 4]
[1, 6, 8]
[7, 5, 0]

当前步数: 47, 当前深度: 47
[2, 3, 4]
[1, 6, 0]
[7, 5, 8]

当前步数: 48, 当前深度: 48
[2, 3, 0]
[1, 6, 4]
[7, 5, 8]

当前步数: 49, 当前深度: 49
[2, 0, 3]
[1, 6, 4]
[7, 5, 8]

当前步数: 50, 当前深度: 50
[0, 2, 3]
[1, 6, 4]
[7, 5, 8]

当前步数: 51, 当前深度: 51
[1, 2, 3]
[0, 6, 4]
[7, 5, 8]

当前步数: 52, 当前深度: 52
[1, 2, 3]
[6, 0, 4]
[7, 5, 8]

当前步数: 53, 当前深度: 53
[1, 0, 3]
[6, 2, 4]
[7, 5, 8]

当前步数: 54, 当前深度: 54
[0, 1, 3]
[6, 2, 4]
[7, 5, 8]

当前步数: 55, 当前深度: 55
[6, 1, 3]
[0, 2, 4]
[7, 5, 8]

当前步数: 56, 当前深度: 56
[6, 1, 3]
[2, 0, 4]
[7, 5, 8]

当前步数: 57, 当前深度: 57
[6, 0, 3]
[2, 1, 4]
[7, 5, 8]

当前步数: 58, 当前深度: 58
[0, 6, 3]
[2, 1, 4]
[7, 5, 8]

当前步数: 59, 当前深度: 59
[2, 6, 3]
[0, 1, 4]
[7, 5, 8]

当前步数: 60, 当前深度: 60
[2, 6, 3]
[1, 0, 4]
[7, 5, 8]

当前步数: 61, 当前深度: 61
[2, 6, 3]
[1, 4, 0]
[7, 5, 8]

当前步数: 62, 当前深度: 62
[2, 6, 0]
[1, 4, 3]
[7, 5, 8]

当前步数: 63, 当前深度: 63
[2, 0, 6]
[1, 4, 3]
[7, 5, 8]

当前步数: 64, 当前深度: 64
[0, 2, 6]
[1, 4, 3]
[7, 5, 8]

当前步数: 65, 当前深度: 65
[1, 2, 6]
[0, 4, 3]
[7, 5, 8]

当前步数: 66, 当前深度: 66
[1, 2, 6]
[4, 0, 3]
[7, 5, 8]

当前步数: 67, 当前深度: 67
[1, 0, 6]
[4, 2, 3]
[7, 5, 8]

当前步数: 68, 当前深度: 68
[0, 1, 6]
[4, 2, 3]
[7, 5, 8]

当前步数: 69, 当前深度: 69
[4, 1, 6]
[0, 2, 3]
[7, 5, 8]

当前步数: 70, 当前深度: 70
[4, 1, 6]
[2, 0, 3]
[7, 5, 8]

当前步数: 71, 当前深度: 71
[4, 0, 6]
[2, 1, 3]
[7, 5, 8]

当前步数: 72, 当前深度: 72
[0, 4, 6]
[2, 1, 3]
[7, 5, 8]

当前步数: 73, 当前深度: 73
[2, 4, 6]
[0, 1, 3]
[7, 5, 8]

当前步数: 74, 当前深度: 74
[2, 4, 6]
[1, 0, 3]
[7, 5, 8]

当前步数: 75, 当前深度: 75
[2, 4, 6]
[1, 3, 0]
[7, 5, 8]

当前步数: 76, 当前深度: 76
[2, 4, 0]
[1, 3, 6]
[7, 5, 8]

当前步数: 77, 当前深度: 77
[2, 0, 4]
[1, 3, 6]
[7, 5, 8]

当前步数: 78, 当前深度: 78
[0, 2, 4]
[1, 3, 6]
[7, 5, 8]

当前步数: 79, 当前深度: 79
[1, 2, 4]
[0, 3, 6]
[7, 5, 8]

当前步数: 80, 当前深度: 80
[1, 2, 4]
[3, 0, 6]
[7, 5, 8]

当前步数: 81, 当前深度: 81
[1, 0, 4]
[3, 2, 6]
[7, 5, 8]

当前步数: 82, 当前深度: 82
[0, 1, 4]
[3, 2, 6]
[7, 5, 8]

当前步数: 83, 当前深度: 83
[3, 1, 4]
[0, 2, 6]
[7, 5, 8]

当前步数: 84, 当前深度: 84
[3, 1, 4]
[2, 0, 6]
[7, 5, 8]

当前步数: 85, 当前深度: 85
[3, 0, 4]
[2, 1, 6]
[7, 5, 8]

当前步数: 86, 当前深度: 86
[0, 3, 4]
[2, 1, 6]
[7, 5, 8]

当前步数: 87, 当前深度: 87
[2, 3, 4]
[0, 1, 6]
[7, 5, 8]

当前步数: 88, 当前深度: 88
[2, 3, 4]
[1, 0, 6]
[7, 5, 8]

当前步数: 89, 当前深度: 89
[2, 3, 4]
[1, 5, 6]
[7, 0, 8]

当前步数: 90, 当前深度: 90
[2, 3, 4]
[1, 5, 6]
[0, 7, 8]

当前步数: 91, 当前深度: 91
[2, 3, 4]
[0, 5, 6]
[1, 7, 8]

当前步数: 92, 当前深度: 92
[0, 3, 4]
[2, 5, 6]
[1, 7, 8]

当前步数: 93, 当前深度: 93
[3, 0, 4]
[2, 5, 6]
[1, 7, 8]

当前步数: 94, 当前深度: 94
[3, 4, 0]
[2, 5, 6]
[1, 7, 8]

当前步数: 95, 当前深度: 95
[3, 4, 6]
[2, 5, 0]
[1, 7, 8]

当前步数: 96, 当前深度: 96
[3, 4, 6]
[2, 0, 5]
[1, 7, 8]

当前步数: 97, 当前深度: 97
[3, 0, 6]
[2, 4, 5]
[1, 7, 8]

当前步数: 98, 当前深度: 98
[0, 3, 6]
[2, 4, 5]
[1, 7, 8]

当前步数: 99, 当前深度: 99
[2, 3, 6]
[0, 4, 5]
[1, 7, 8]

当前步数: 100, 当前深度: 100
[2, 3, 6]
[4, 0, 5]
[1, 7, 8]

当前步数: 101, 当前深度: 101
[2, 0, 6]
[4, 3, 5]
[1, 7, 8]

当前步数: 102, 当前深度: 102
[0, 2, 6]
[4, 3, 5]
[1, 7, 8]

当前步数: 103, 当前深度: 103
[4, 2, 6]
[0, 3, 5]
[1, 7, 8]

当前步数: 104, 当前深度: 104
[4, 2, 6]
[3, 0, 5]
[1, 7, 8]

当前步数: 105, 当前深度: 105
[4, 0, 6]
[3, 2, 5]
[1, 7, 8]

当前步数: 106, 当前深度: 106
[0, 4, 6]
[3, 2, 5]
[1, 7, 8]

当前步数: 107, 当前深度: 107
[3, 4, 6]
[0, 2, 5]
[1, 7, 8]

当前步数: 108, 当前深度: 108
[3, 4, 6]
[1, 2, 5]
[0, 7, 8]

当前步数: 109, 当前深度: 109
[3, 4, 6]
[1, 2, 5]
[7, 0, 8]

当前步数: 110, 当前深度: 110
[3, 4, 6]
[1, 0, 5]
[7, 2, 8]

当前步数: 111, 当前深度: 111
[3, 0, 6]
[1, 4, 5]
[7, 2, 8]

当前步数: 112, 当前深度: 112
[0, 3, 6]
[1, 4, 5]
[7, 2, 8]

当前步数: 113, 当前深度: 113
[1, 3, 6]
[0, 4, 5]
[7, 2, 8]

当前步数: 114, 当前深度: 114
[1, 3, 6]
[4, 0, 5]
[7, 2, 8]

当前步数: 115, 当前深度: 115
[1, 0, 6]
[4, 3, 5]
[7, 2, 8]

当前步数: 116, 当前深度: 116
[0, 1, 6]
[4, 3, 5]
[7, 2, 8]

当前步数: 117, 当前深度: 117
[4, 1, 6]
[0, 3, 5]
[7, 2, 8]

当前步数: 118, 当前深度: 118
[4, 1, 6]
[3, 0, 5]
[7, 2, 8]

当前步数: 119, 当前深度: 119
[4, 0, 6]
[3, 1, 5]
[7, 2, 8]

当前步数: 120, 当前深度: 120
[0, 4, 6]
[3, 1, 5]
[7, 2, 8]

当前步数: 121, 当前深度: 121
[3, 4, 6]
[0, 1, 5]
[7, 2, 8]

当前步数: 122, 当前深度: 122
[3, 4, 6]
[7, 1, 5]
[0, 2, 8]

当前步数: 123, 当前深度: 123
[3, 4, 6]
[7, 1, 5]
[2, 0, 8]

当前步数: 124, 当前深度: 124
[3, 4, 6]
[7, 0, 5]
[2, 1, 8]

当前步数: 125, 当前深度: 125
[3, 0, 6]
[7, 4, 5]
[2, 1, 8]

当前步数: 126, 当前深度: 126
[0, 3, 6]
[7, 4, 5]
[2, 1, 8]

当前步数: 127, 当前深度: 127
[7, 3, 6]
[0, 4, 5]
[2, 1, 8]

当前步数: 128, 当前深度: 128
[7, 3, 6]
[4, 0, 5]
[2, 1, 8]

当前步数: 129, 当前深度: 129
[7, 0, 6]
[4, 3, 5]
[2, 1, 8]

当前步数: 130, 当前深度: 130
[0, 7, 6]
[4, 3, 5]
[2, 1, 8]

当前步数: 131, 当前深度: 131
[4, 7, 6]
[0, 3, 5]
[2, 1, 8]

当前步数: 132, 当前深度: 132
[4, 7, 6]
[3, 0, 5]
[2, 1, 8]

当前步数: 133, 当前深度: 133
[4, 0, 6]
[3, 7, 5]
[2, 1, 8]

当前步数: 134, 当前深度: 134
[0, 4, 6]
[3, 7, 5]
[2, 1, 8]

当前步数: 135, 当前深度: 135
[3, 4, 6]
[0, 7, 5]
[2, 1, 8]

当前步数: 136, 当前深度: 136
[3, 4, 6]
[2, 7, 5]
[0, 1, 8]

当前步数: 137, 当前深度: 137
[3, 4, 6]
[2, 7, 5]
[1, 0, 8]

当前步数: 138, 当前深度: 138
[3, 4, 6]
[2, 7, 5]
[1, 8, 0]

当前步数: 139, 当前深度: 139
[3, 4, 6]
[2, 7, 0]
[1, 8, 5]

当前步数: 140, 当前深度: 140
[3, 4, 0]
[2, 7, 6]
[1, 8, 5]

当前步数: 141, 当前深度: 141
[3, 0, 4]
[2, 7, 6]
[1, 8, 5]

当前步数: 142, 当前深度: 142
[0, 3, 4]
[2, 7, 6]
[1, 8, 5]

当前步数: 143, 当前深度: 143
[2, 3, 4]
[0, 7, 6]
[1, 8, 5]

当前步数: 144, 当前深度: 144
[2, 3, 4]
[7, 0, 6]
[1, 8, 5]

当前步数: 145, 当前深度: 145
[2, 0, 4]
[7, 3, 6]
[1, 8, 5]

当前步数: 146, 当前深度: 146
[0, 2, 4]
[7, 3, 6]
[1, 8, 5]

当前步数: 147, 当前深度: 147
[7, 2, 4]
[0, 3, 6]
[1, 8, 5]

当前步数: 148, 当前深度: 148
[7, 2, 4]
[3, 0, 6]
[1, 8, 5]

当前步数: 149, 当前深度: 149
[7, 0, 4]
[3, 2, 6]
[1, 8, 5]

当前步数: 150, 当前深度: 150
[0, 7, 4]
[3, 2, 6]
[1, 8, 5]

当前步数: 151, 当前深度: 151
[3, 7, 4]
[0, 2, 6]
[1, 8, 5]

当前步数: 152, 当前深度: 152
[3, 7, 4]
[2, 0, 6]
[1, 8, 5]

当前步数: 153, 当前深度: 153
[3, 7, 4]
[2, 6, 0]
[1, 8, 5]

当前步数: 154, 当前深度: 154
[3, 7, 0]
[2, 6, 4]
[1, 8, 5]

当前步数: 155, 当前深度: 155
[3, 0, 7]
[2, 6, 4]
[1, 8, 5]

当前步数: 156, 当前深度: 156
[0, 3, 7]
[2, 6, 4]
[1, 8, 5]

当前步数: 157, 当前深度: 157
[2, 3, 7]
[0, 6, 4]
[1, 8, 5]

当前步数: 158, 当前深度: 158
[2, 3, 7]
[6, 0, 4]
[1, 8, 5]

当前步数: 159, 当前深度: 159
[2, 0, 7]
[6, 3, 4]
[1, 8, 5]

当前步数: 160, 当前深度: 160
[0, 2, 7]
[6, 3, 4]
[1, 8, 5]

当前步数: 161, 当前深度: 161
[6, 2, 7]
[0, 3, 4]
[1, 8, 5]

当前步数: 162, 当前深度: 162
[6, 2, 7]
[3, 0, 4]
[1, 8, 5]

当前步数: 163, 当前深度: 163
[6, 0, 7]
[3, 2, 4]
[1, 8, 5]

当前步数: 164, 当前深度: 164
[0, 6, 7]
[3, 2, 4]
[1, 8, 5]

当前步数: 165, 当前深度: 165
[3, 6, 7]
[0, 2, 4]
[1, 8, 5]

当前步数: 166, 当前深度: 166
[3, 6, 7]
[2, 0, 4]
[1, 8, 5]

当前步数: 167, 当前深度: 167
[3, 6, 7]
[2, 4, 0]
[1, 8, 5]

当前步数: 168, 当前深度: 168
[3, 6, 0]
[2, 4, 7]
[1, 8, 5]

当前步数: 169, 当前深度: 169
[3, 0, 6]
[2, 4, 7]
[1, 8, 5]

当前步数: 170, 当前深度: 170
[0, 3, 6]
[2, 4, 7]
[1, 8, 5]

当前步数: 171, 当前深度: 171
[2, 3, 6]
[0, 4, 7]
[1, 8, 5]

当前步数: 172, 当前深度: 172
[2, 3, 6]
[4, 0, 7]
[1, 8, 5]

当前步数: 173, 当前深度: 173
[2, 0, 6]
[4, 3, 7]
[1, 8, 5]

当前步数: 174, 当前深度: 174
[0, 2, 6]
[4, 3, 7]
[1, 8, 5]

当前步数: 175, 当前深度: 175
[4, 2, 6]
[0, 3, 7]
[1, 8, 5]

当前步数: 176, 当前深度: 176
[4, 2, 6]
[3, 0, 7]
[1, 8, 5]

当前步数: 177, 当前深度: 177
[4, 0, 6]
[3, 2, 7]
[1, 8, 5]

当前步数: 178, 当前深度: 178
[0, 4, 6]
[3, 2, 7]
[1, 8, 5]

当前步数: 179, 当前深度: 179
[3, 4, 6]
[0, 2, 7]
[1, 8, 5]

当前步数: 180, 当前深度: 180
[3, 4, 6]
[2, 0, 7]
[1, 8, 5]

当前步数: 181, 当前深度: 181
[3, 4, 6]
[2, 8, 7]
[1, 0, 5]

当前步数: 182, 当前深度: 182
[3, 4, 6]
[2, 8, 7]
[0, 1, 5]

当前步数: 183, 当前深度: 183
[3, 4, 6]
[0, 8, 7]
[2, 1, 5]

当前步数: 184, 当前深度: 184
[0, 4, 6]
[3, 8, 7]
[2, 1, 5]

当前步数: 185, 当前深度: 185
[4, 0, 6]
[3, 8, 7]
[2, 1, 5]

当前步数: 186, 当前深度: 186
[4, 6, 0]
[3, 8, 7]
[2, 1, 5]

当前步数: 187, 当前深度: 187
[4, 6, 7]
[3, 8, 0]
[2, 1, 5]

当前步数: 188, 当前深度: 188
[4, 6, 7]
[3, 0, 8]
[2, 1, 5]

当前步数: 189, 当前深度: 189
[4, 0, 7]
[3, 6, 8]
[2, 1, 5]

当前步数: 190, 当前深度: 190
[0, 4, 7]
[3, 6, 8]
[2, 1, 5]

当前步数: 191, 当前深度: 191
[3, 4, 7]
[0, 6, 8]
[2, 1, 5]

当前步数: 192, 当前深度: 192
[3, 4, 7]
[6, 0, 8]
[2, 1, 5]

当前步数: 193, 当前深度: 193
[3, 0, 7]
[6, 4, 8]
[2, 1, 5]

当前步数: 194, 当前深度: 194
[0, 3, 7]
[6, 4, 8]
[2, 1, 5]

当前步数: 195, 当前深度: 195
[6, 3, 7]
[0, 4, 8]
[2, 1, 5]

当前步数: 196, 当前深度: 196
[6, 3, 7]
[4, 0, 8]
[2, 1, 5]

当前步数: 197, 当前深度: 197
[6, 0, 7]
[4, 3, 8]
[2, 1, 5]

当前步数: 198, 当前深度: 198
[0, 6, 7]
[4, 3, 8]
[2, 1, 5]

当前步数: 199, 当前深度: 199
[4, 6, 7]
[0, 3, 8]
[2, 1, 5]

当前步数: 200, 当前深度: 200
[4, 6, 7]
[2, 3, 8]
[0, 1, 5]

当前步数: 201, 当前深度: 201
[4, 6, 7]
[2, 3, 8]
[1, 0, 5]

当前步数: 202, 当前深度: 202
[4, 6, 7]
[2, 0, 8]
[1, 3, 5]

当前步数: 203, 当前深度: 203
[4, 0, 7]
[2, 6, 8]
[1, 3, 5]

当前步数: 204, 当前深度: 204
[0, 4, 7]
[2, 6, 8]
[1, 3, 5]

当前步数: 205, 当前深度: 205
[2, 4, 7]
[0, 6, 8]
[1, 3, 5]

当前步数: 206, 当前深度: 206
[2, 4, 7]
[6, 0, 8]
[1, 3, 5]

当前步数: 207, 当前深度: 207
[2, 0, 7]
[6, 4, 8]
[1, 3, 5]

当前步数: 208, 当前深度: 208
[0, 2, 7]
[6, 4, 8]
[1, 3, 5]

当前步数: 209, 当前深度: 209
[6, 2, 7]
[0, 4, 8]
[1, 3, 5]

当前步数: 210, 当前深度: 210
[6, 2, 7]
[4, 0, 8]
[1, 3, 5]

当前步数: 211, 当前深度: 211
[6, 0, 7]
[4, 2, 8]
[1, 3, 5]

当前步数: 212, 当前深度: 212
[0, 6, 7]
[4, 2, 8]
[1, 3, 5]

当前步数: 213, 当前深度: 213
[4, 6, 7]
[0, 2, 8]
[1, 3, 5]

当前步数: 214, 当前深度: 214
[4, 6, 7]
[1, 2, 8]
[0, 3, 5]

当前步数: 215, 当前深度: 215
[4, 6, 7]
[1, 2, 8]
[3, 0, 5]

当前步数: 216, 当前深度: 216
[4, 6, 7]
[1, 0, 8]
[3, 2, 5]

当前步数: 217, 当前深度: 217
[4, 0, 7]
[1, 6, 8]
[3, 2, 5]

当前步数: 218, 当前深度: 218
[0, 4, 7]
[1, 6, 8]
[3, 2, 5]

当前步数: 219, 当前深度: 219
[1, 4, 7]
[0, 6, 8]
[3, 2, 5]

当前步数: 220, 当前深度: 220
[1, 4, 7]
[6, 0, 8]
[3, 2, 5]

当前步数: 221, 当前深度: 221
[1, 0, 7]
[6, 4, 8]
[3, 2, 5]

当前步数: 222, 当前深度: 222
[0, 1, 7]
[6, 4, 8]
[3, 2, 5]

当前步数: 223, 当前深度: 223
[6, 1, 7]
[0, 4, 8]
[3, 2, 5]

当前步数: 224, 当前深度: 224
[6, 1, 7]
[4, 0, 8]
[3, 2, 5]

当前步数: 225, 当前深度: 225
[6, 0, 7]
[4, 1, 8]
[3, 2, 5]

当前步数: 226, 当前深度: 226
[0, 6, 7]
[4, 1, 8]
[3, 2, 5]

当前步数: 227, 当前深度: 227
[4, 6, 7]
[0, 1, 8]
[3, 2, 5]

当前步数: 228, 当前深度: 228
[4, 6, 7]
[3, 1, 8]
[0, 2, 5]

当前步数: 229, 当前深度: 229
[4, 6, 7]
[3, 1, 8]
[2, 0, 5]

当前步数: 230, 当前深度: 230
[4, 6, 7]
[3, 1, 8]
[2, 5, 0]

当前步数: 231, 当前深度: 231
[4, 6, 7]
[3, 1, 0]
[2, 5, 8]

当前步数: 232, 当前深度: 232
[4, 6, 0]
[3, 1, 7]
[2, 5, 8]

当前步数: 233, 当前深度: 233
[4, 0, 6]
[3, 1, 7]
[2, 5, 8]

当前步数: 234, 当前深度: 234
[0, 4, 6]
[3, 1, 7]
[2, 5, 8]

当前步数: 235, 当前深度: 235
[3, 4, 6]
[0, 1, 7]
[2, 5, 8]

当前步数: 236, 当前深度: 236
[3, 4, 6]
[1, 0, 7]
[2, 5, 8]

当前步数: 237, 当前深度: 237
[3, 0, 6]
[1, 4, 7]
[2, 5, 8]

当前步数: 238, 当前深度: 238
[0, 3, 6]
[1, 4, 7]
[2, 5, 8]

当前步数: 239, 当前深度: 239
[1, 3, 6]
[0, 4, 7]
[2, 5, 8]

当前步数: 240, 当前深度: 240
[1, 3, 6]
[4, 0, 7]
[2, 5, 8]

当前步数: 241, 当前深度: 241
[1, 0, 6]
[4, 3, 7]
[2, 5, 8]

当前步数: 242, 当前深度: 242
[0, 1, 6]
[4, 3, 7]
[2, 5, 8]

当前步数: 243, 当前深度: 243
[4, 1, 6]
[0, 3, 7]
[2, 5, 8]

当前步数: 244, 当前深度: 244
[4, 1, 6]
[3, 0, 7]
[2, 5, 8]

当前步数: 245, 当前深度: 245
[4, 1, 6]
[3, 7, 0]
[2, 5, 8]

当前步数: 246, 当前深度: 246
[4, 1, 0]
[3, 7, 6]
[2, 5, 8]

当前步数: 247, 当前深度: 247
[4, 0, 1]
[3, 7, 6]
[2, 5, 8]

当前步数: 248, 当前深度: 248
[0, 4, 1]
[3, 7, 6]
[2, 5, 8]

当前步数: 249, 当前深度: 249
[3, 4, 1]
[0, 7, 6]
[2, 5, 8]

当前步数: 250, 当前深度: 250
[3, 4, 1]
[7, 0, 6]
[2, 5, 8]

当前步数: 251, 当前深度: 251
[3, 0, 1]
[7, 4, 6]
[2, 5, 8]

当前步数: 252, 当前深度: 252
[0, 3, 1]
[7, 4, 6]
[2, 5, 8]

当前步数: 253, 当前深度: 253
[7, 3, 1]
[0, 4, 6]
[2, 5, 8]

当前步数: 254, 当前深度: 254
[7, 3, 1]
[4, 0, 6]
[2, 5, 8]

当前步数: 255, 当前深度: 255
[7, 0, 1]
[4, 3, 6]
[2, 5, 8]

当前步数: 256, 当前深度: 256
[0, 7, 1]
[4, 3, 6]
[2, 5, 8]

当前步数: 257, 当前深度: 257
[4, 7, 1]
[0, 3, 6]
[2, 5, 8]

当前步数: 258, 当前深度: 258
[4, 7, 1]
[3, 0, 6]
[2, 5, 8]

当前步数: 259, 当前深度: 259
[4, 7, 1]
[3, 6, 0]
[2, 5, 8]

当前步数: 260, 当前深度: 260
[4, 7, 0]
[3, 6, 1]
[2, 5, 8]

当前步数: 261, 当前深度: 261
[4, 0, 7]
[3, 6, 1]
[2, 5, 8]

当前步数: 262, 当前深度: 262
[0, 4, 7]
[3, 6, 1]
[2, 5, 8]

当前步数: 263, 当前深度: 263
[3, 4, 7]
[0, 6, 1]
[2, 5, 8]

当前步数: 264, 当前深度: 264
[3, 4, 7]
[6, 0, 1]
[2, 5, 8]

当前步数: 265, 当前深度: 265
[3, 0, 7]
[6, 4, 1]
[2, 5, 8]

当前步数: 266, 当前深度: 266
[0, 3, 7]
[6, 4, 1]
[2, 5, 8]

当前步数: 267, 当前深度: 267
[6, 3, 7]
[0, 4, 1]
[2, 5, 8]

当前步数: 268, 当前深度: 268
[6, 3, 7]
[4, 0, 1]
[2, 5, 8]

当前步数: 269, 当前深度: 269
[6, 0, 7]
[4, 3, 1]
[2, 5, 8]

当前步数: 270, 当前深度: 270
[0, 6, 7]
[4, 3, 1]
[2, 5, 8]

当前步数: 271, 当前深度: 271
[4, 6, 7]
[0, 3, 1]
[2, 5, 8]

当前步数: 272, 当前深度: 272
[4, 6, 7]
[3, 0, 1]
[2, 5, 8]

当前步数: 273, 当前深度: 273
[4, 6, 7]
[3, 5, 1]
[2, 0, 8]

当前步数: 274, 当前深度: 274
[4, 6, 7]
[3, 5, 1]
[0, 2, 8]

当前步数: 275, 当前深度: 275
[4, 6, 7]
[0, 5, 1]
[3, 2, 8]

当前步数: 276, 当前深度: 276
[0, 6, 7]
[4, 5, 1]
[3, 2, 8]

当前步数: 277, 当前深度: 277
[6, 0, 7]
[4, 5, 1]
[3, 2, 8]

当前步数: 278, 当前深度: 278
[6, 7, 0]
[4, 5, 1]
[3, 2, 8]

当前步数: 279, 当前深度: 279
[6, 7, 1]
[4, 5, 0]
[3, 2, 8]

当前步数: 280, 当前深度: 280
[6, 7, 1]
[4, 0, 5]
[3, 2, 8]

当前步数: 281, 当前深度: 281
[6, 0, 1]
[4, 7, 5]
[3, 2, 8]

当前步数: 282, 当前深度: 282
[0, 6, 1]
[4, 7, 5]
[3, 2, 8]

当前步数: 283, 当前深度: 283
[4, 6, 1]
[0, 7, 5]
[3, 2, 8]

当前步数: 284, 当前深度: 284
[4, 6, 1]
[7, 0, 5]
[3, 2, 8]

当前步数: 285, 当前深度: 285
[4, 0, 1]
[7, 6, 5]
[3, 2, 8]

当前步数: 286, 当前深度: 286
[0, 4, 1]
[7, 6, 5]
[3, 2, 8]

当前步数: 287, 当前深度: 287
[7, 4, 1]
[0, 6, 5]
[3, 2, 8]

当前步数: 288, 当前深度: 288
[7, 4, 1]
[6, 0, 5]
[3, 2, 8]

当前步数: 289, 当前深度: 289
[7, 0, 1]
[6, 4, 5]
[3, 2, 8]

当前步数: 290, 当前深度: 290
[0, 7, 1]
[6, 4, 5]
[3, 2, 8]

当前步数: 291, 当前深度: 291
[6, 7, 1]
[0, 4, 5]
[3, 2, 8]

当前步数: 292, 当前深度: 292
[6, 7, 1]
[3, 4, 5]
[0, 2, 8]

当前步数: 293, 当前深度: 293
[6, 7, 1]
[3, 4, 5]
[2, 0, 8]

当前步数: 294, 当前深度: 294
[6, 7, 1]
[3, 0, 5]
[2, 4, 8]

当前步数: 295, 当前深度: 295
[6, 0, 1]
[3, 7, 5]
[2, 4, 8]

当前步数: 296, 当前深度: 296
[0, 6, 1]
[3, 7, 5]
[2, 4, 8]

当前步数: 297, 当前深度: 297
[3, 6, 1]
[0, 7, 5]
[2, 4, 8]

当前步数: 298, 当前深度: 298
[3, 6, 1]
[7, 0, 5]
[2, 4, 8]

当前步数: 299, 当前深度: 299
[3, 0, 1]
[7, 6, 5]
[2, 4, 8]

当前步数: 300, 当前深度: 300
[0, 3, 1]
[7, 6, 5]
[2, 4, 8]

当前步数: 301, 当前深度: 301
[7, 3, 1]
[0, 6, 5]
[2, 4, 8]

当前步数: 302, 当前深度: 302
[7, 3, 1]
[6, 0, 5]
[2, 4, 8]

当前步数: 303, 当前深度: 303
[7, 0, 1]
[6, 3, 5]
[2, 4, 8]

当前步数: 304, 当前深度: 304
[0, 7, 1]
[6, 3, 5]
[2, 4, 8]

当前步数: 305, 当前深度: 305
[6, 7, 1]
[0, 3, 5]
[2, 4, 8]

当前步数: 306, 当前深度: 306
[6, 7, 1]
[2, 3, 5]
[0, 4, 8]

当前步数: 307, 当前深度: 307
[6, 7, 1]
[2, 3, 5]
[4, 0, 8]

当前步数: 308, 当前深度: 308
[6, 7, 1]
[2, 0, 5]
[4, 3, 8]

当前步数: 309, 当前深度: 309
[6, 0, 1]
[2, 7, 5]
[4, 3, 8]

当前步数: 310, 当前深度: 310
[0, 6, 1]
[2, 7, 5]
[4, 3, 8]

当前步数: 311, 当前深度: 311
[2, 6, 1]
[0, 7, 5]
[4, 3, 8]

当前步数: 312, 当前深度: 312
[2, 6, 1]
[7, 0, 5]
[4, 3, 8]

当前步数: 313, 当前深度: 313
[2, 0, 1]
[7, 6, 5]
[4, 3, 8]

当前步数: 314, 当前深度: 314
[0, 2, 1]
[7, 6, 5]
[4, 3, 8]

当前步数: 315, 当前深度: 315
[7, 2, 1]
[0, 6, 5]
[4, 3, 8]

当前步数: 316, 当前深度: 316
[7, 2, 1]
[6, 0, 5]
[4, 3, 8]

当前步数: 317, 当前深度: 317
[7, 0, 1]
[6, 2, 5]
[4, 3, 8]

当前步数: 318, 当前深度: 318
[0, 7, 1]
[6, 2, 5]
[4, 3, 8]

当前步数: 319, 当前深度: 319
[6, 7, 1]
[0, 2, 5]
[4, 3, 8]

当前步数: 320, 当前深度: 320
[6, 7, 1]
[4, 2, 5]
[0, 3, 8]

当前步数: 321, 当前深度: 321
[6, 7, 1]
[4, 2, 5]
[3, 0, 8]

当前步数: 322, 当前深度: 322
[6, 7, 1]
[4, 2, 5]
[3, 8, 0]

当前步数: 323, 当前深度: 323
[6, 7, 1]
[4, 2, 0]
[3, 8, 5]

当前步数: 324, 当前深度: 324
[6, 7, 0]
[4, 2, 1]
[3, 8, 5]

当前步数: 325, 当前深度: 325
[6, 0, 7]
[4, 2, 1]
[3, 8, 5]

当前步数: 326, 当前深度: 326
[0, 6, 7]
[4, 2, 1]
[3, 8, 5]

当前步数: 327, 当前深度: 327
[4, 6, 7]
[0, 2, 1]
[3, 8, 5]

当前步数: 328, 当前深度: 328
[4, 6, 7]
[2, 0, 1]
[3, 8, 5]

当前步数: 329, 当前深度: 329
[4, 0, 7]
[2, 6, 1]
[3, 8, 5]

当前步数: 330, 当前深度: 330
[0, 4, 7]
[2, 6, 1]
[3, 8, 5]

当前步数: 331, 当前深度: 331
[2, 4, 7]
[0, 6, 1]
[3, 8, 5]

当前步数: 332, 当前深度: 332
[2, 4, 7]
[6, 0, 1]
[3, 8, 5]

当前步数: 333, 当前深度: 333
[2, 0, 7]
[6, 4, 1]
[3, 8, 5]

当前步数: 334, 当前深度: 334
[0, 2, 7]
[6, 4, 1]
[3, 8, 5]

当前步数: 335, 当前深度: 335
[6, 2, 7]
[0, 4, 1]
[3, 8, 5]

当前步数: 336, 当前深度: 336
[6, 2, 7]
[4, 0, 1]
[3, 8, 5]

当前步数: 337, 当前深度: 337
[6, 2, 7]
[4, 1, 0]
[3, 8, 5]

当前步数: 338, 当前深度: 338
[6, 2, 0]
[4, 1, 7]
[3, 8, 5]

当前步数: 339, 当前深度: 339
[6, 0, 2]
[4, 1, 7]
[3, 8, 5]

当前步数: 340, 当前深度: 340
[0, 6, 2]
[4, 1, 7]
[3, 8, 5]

当前步数: 341, 当前深度: 341
[4, 6, 2]
[0, 1, 7]
[3, 8, 5]

当前步数: 342, 当前深度: 342
[4, 6, 2]
[1, 0, 7]
[3, 8, 5]

当前步数: 343, 当前深度: 343
[4, 0, 2]
[1, 6, 7]
[3, 8, 5]

当前步数: 344, 当前深度: 344
[0, 4, 2]
[1, 6, 7]
[3, 8, 5]

当前步数: 345, 当前深度: 345
[1, 4, 2]
[0, 6, 7]
[3, 8, 5]

当前步数: 346, 当前深度: 346
[1, 4, 2]
[6, 0, 7]
[3, 8, 5]

当前步数: 347, 当前深度: 347
[1, 0, 2]
[6, 4, 7]
[3, 8, 5]

当前步数: 348, 当前深度: 348
[0, 1, 2]
[6, 4, 7]
[3, 8, 5]

当前步数: 349, 当前深度: 349
[6, 1, 2]
[0, 4, 7]
[3, 8, 5]

当前步数: 350, 当前深度: 350
[6, 1, 2]
[4, 0, 7]
[3, 8, 5]

当前步数: 351, 当前深度: 351
[6, 1, 2]
[4, 7, 0]
[3, 8, 5]

当前步数: 352, 当前深度: 352
[6, 1, 0]
[4, 7, 2]
[3, 8, 5]

当前步数: 353, 当前深度: 353
[6, 0, 1]
[4, 7, 2]
[3, 8, 5]

当前步数: 354, 当前深度: 354
[0, 6, 1]
[4, 7, 2]
[3, 8, 5]

当前步数: 355, 当前深度: 355
[4, 6, 1]
[0, 7, 2]
[3, 8, 5]

当前步数: 356, 当前深度: 356
[4, 6, 1]
[7, 0, 2]
[3, 8, 5]

当前步数: 357, 当前深度: 357
[4, 0, 1]
[7, 6, 2]
[3, 8, 5]

当前步数: 358, 当前深度: 358
[0, 4, 1]
[7, 6, 2]
[3, 8, 5]

当前步数: 359, 当前深度: 359
[7, 4, 1]
[0, 6, 2]
[3, 8, 5]

当前步数: 360, 当前深度: 360
[7, 4, 1]
[6, 0, 2]
[3, 8, 5]

当前步数: 361, 当前深度: 361
[7, 0, 1]
[6, 4, 2]
[3, 8, 5]

当前步数: 362, 当前深度: 362
[0, 7, 1]
[6, 4, 2]
[3, 8, 5]

当前步数: 363, 当前深度: 363
[6, 7, 1]
[0, 4, 2]
[3, 8, 5]

当前步数: 364, 当前深度: 364
[6, 7, 1]
[4, 0, 2]
[3, 8, 5]

当前步数: 365, 当前深度: 365
[6, 7, 1]
[4, 8, 2]
[3, 0, 5]

当前步数: 366, 当前深度: 366
[6, 7, 1]
[4, 8, 2]
[0, 3, 5]

当前步数: 367, 当前深度: 367
[6, 7, 1]
[0, 8, 2]
[4, 3, 5]

当前步数: 368, 当前深度: 368
[0, 7, 1]
[6, 8, 2]
[4, 3, 5]

当前步数: 369, 当前深度: 369
[7, 0, 1]
[6, 8, 2]
[4, 3, 5]

当前步数: 370, 当前深度: 370
[7, 1, 0]
[6, 8, 2]
[4, 3, 5]

当前步数: 371, 当前深度: 371
[7, 1, 2]
[6, 8, 0]
[4, 3, 5]

当前步数: 372, 当前深度: 372
[7, 1, 2]
[6, 0, 8]
[4, 3, 5]

当前步数: 373, 当前深度: 373
[7, 0, 2]
[6, 1, 8]
[4, 3, 5]

当前步数: 374, 当前深度: 374
[0, 7, 2]
[6, 1, 8]
[4, 3, 5]

当前步数: 375, 当前深度: 375
[6, 7, 2]
[0, 1, 8]
[4, 3, 5]

当前步数: 376, 当前深度: 376
[6, 7, 2]
[1, 0, 8]
[4, 3, 5]

当前步数: 377, 当前深度: 377
[6, 0, 2]
[1, 7, 8]
[4, 3, 5]

当前步数: 378, 当前深度: 378
[0, 6, 2]
[1, 7, 8]
[4, 3, 5]

当前步数: 379, 当前深度: 379
[1, 6, 2]
[0, 7, 8]
[4, 3, 5]

当前步数: 380, 当前深度: 380
[1, 6, 2]
[7, 0, 8]
[4, 3, 5]

当前步数: 381, 当前深度: 381
[1, 0, 2]
[7, 6, 8]
[4, 3, 5]

当前步数: 382, 当前深度: 382
[0, 1, 2]
[7, 6, 8]
[4, 3, 5]

当前步数: 383, 当前深度: 383
[7, 1, 2]
[0, 6, 8]
[4, 3, 5]

当前步数: 384, 当前深度: 384
[7, 1, 2]
[4, 6, 8]
[0, 3, 5]

当前步数: 385, 当前深度: 385
[7, 1, 2]
[4, 6, 8]
[3, 0, 5]

当前步数: 386, 当前深度: 386
[7, 1, 2]
[4, 0, 8]
[3, 6, 5]

当前步数: 387, 当前深度: 387
[7, 0, 2]
[4, 1, 8]
[3, 6, 5]

当前步数: 388, 当前深度: 388
[0, 7, 2]
[4, 1, 8]
[3, 6, 5]

当前步数: 389, 当前深度: 389
[4, 7, 2]
[0, 1, 8]
[3, 6, 5]

当前步数: 390, 当前深度: 390
[4, 7, 2]
[1, 0, 8]
[3, 6, 5]

当前步数: 391, 当前深度: 391
[4, 0, 2]
[1, 7, 8]
[3, 6, 5]

当前步数: 392, 当前深度: 392
[0, 4, 2]
[1, 7, 8]
[3, 6, 5]

当前步数: 393, 当前深度: 393
[1, 4, 2]
[0, 7, 8]
[3, 6, 5]

当前步数: 394, 当前深度: 394
[1, 4, 2]
[7, 0, 8]
[3, 6, 5]

当前步数: 395, 当前深度: 395
[1, 0, 2]
[7, 4, 8]
[3, 6, 5]

当前步数: 396, 当前深度: 396
[0, 1, 2]
[7, 4, 8]
[3, 6, 5]

当前步数: 397, 当前深度: 397
[7, 1, 2]
[0, 4, 8]
[3, 6, 5]

当前步数: 398, 当前深度: 398
[7, 1, 2]
[3, 4, 8]
[0, 6, 5]

当前步数: 399, 当前深度: 399
[7, 1, 2]
[3, 4, 8]
[6, 0, 5]

当前步数: 400, 当前深度: 400
[7, 1, 2]
[3, 0, 8]
[6, 4, 5]

当前步数: 401, 当前深度: 401
[7, 0, 2]
[3, 1, 8]
[6, 4, 5]

当前步数: 402, 当前深度: 402
[0, 7, 2]
[3, 1, 8]
[6, 4, 5]

当前步数: 403, 当前深度: 403
[3, 7, 2]
[0, 1, 8]
[6, 4, 5]

当前步数: 404, 当前深度: 404
[3, 7, 2]
[1, 0, 8]
[6, 4, 5]

当前步数: 405, 当前深度: 405
[3, 0, 2]
[1, 7, 8]
[6, 4, 5]

当前步数: 406, 当前深度: 406
[0, 3, 2]
[1, 7, 8]
[6, 4, 5]

当前步数: 407, 当前深度: 407
[1, 3, 2]
[0, 7, 8]
[6, 4, 5]

当前步数: 408, 当前深度: 408
[1, 3, 2]
[7, 0, 8]
[6, 4, 5]

当前步数: 409, 当前深度: 409
[1, 0, 2]
[7, 3, 8]
[6, 4, 5]

当前步数: 410, 当前深度: 410
[0, 1, 2]
[7, 3, 8]
[6, 4, 5]

当前步数: 411, 当前深度: 411
[7, 1, 2]
[0, 3, 8]
[6, 4, 5]

当前步数: 412, 当前深度: 412
[7, 1, 2]
[6, 3, 8]
[0, 4, 5]

当前步数: 413, 当前深度: 413
[7, 1, 2]
[6, 3, 8]
[4, 0, 5]

当前步数: 414, 当前深度: 414
[7, 1, 2]
[6, 3, 8]
[4, 5, 0]

当前步数: 415, 当前深度: 415
[7, 1, 2]
[6, 3, 0]
[4, 5, 8]

当前步数: 416, 当前深度: 416
[7, 1, 0]
[6, 3, 2]
[4, 5, 8]

当前步数: 417, 当前深度: 417
[7, 0, 1]
[6, 3, 2]
[4, 5, 8]

当前步数: 418, 当前深度: 418
[0, 7, 1]
[6, 3, 2]
[4, 5, 8]

当前步数: 419, 当前深度: 419
[6, 7, 1]
[0, 3, 2]
[4, 5, 8]

当前步数: 420, 当前深度: 420
[6, 7, 1]
[3, 0, 2]
[4, 5, 8]

当前步数: 421, 当前深度: 421
[6, 0, 1]
[3, 7, 2]
[4, 5, 8]

当前步数: 422, 当前深度: 422
[0, 6, 1]
[3, 7, 2]
[4, 5, 8]

当前步数: 423, 当前深度: 423
[3, 6, 1]
[0, 7, 2]
[4, 5, 8]

当前步数: 424, 当前深度: 424
[3, 6, 1]
[7, 0, 2]
[4, 5, 8]

当前步数: 425, 当前深度: 425
[3, 0, 1]
[7, 6, 2]
[4, 5, 8]

当前步数: 426, 当前深度: 426
[0, 3, 1]
[7, 6, 2]
[4, 5, 8]

当前步数: 427, 当前深度: 427
[7, 3, 1]
[0, 6, 2]
[4, 5, 8]

当前步数: 428, 当前深度: 428
[7, 3, 1]
[6, 0, 2]
[4, 5, 8]

当前步数: 429, 当前深度: 429
[7, 3, 1]
[6, 2, 0]
[4, 5, 8]

当前步数: 430, 当前深度: 430
[7, 3, 0]
[6, 2, 1]
[4, 5, 8]

当前步数: 431, 当前深度: 431
[7, 0, 3]
[6, 2, 1]
[4, 5, 8]

当前步数: 432, 当前深度: 432
[0, 7, 3]
[6, 2, 1]
[4, 5, 8]

当前步数: 433, 当前深度: 433
[6, 7, 3]
[0, 2, 1]
[4, 5, 8]

当前步数: 434, 当前深度: 434
[6, 7, 3]
[2, 0, 1]
[4, 5, 8]

当前步数: 435, 当前深度: 435
[6, 0, 3]
[2, 7, 1]
[4, 5, 8]

当前步数: 436, 当前深度: 436
[0, 6, 3]
[2, 7, 1]
[4, 5, 8]

当前步数: 437, 当前深度: 437
[2, 6, 3]
[0, 7, 1]
[4, 5, 8]

当前步数: 438, 当前深度: 438
[2, 6, 3]
[7, 0, 1]
[4, 5, 8]

当前步数: 439, 当前深度: 439
[2, 0, 3]
[7, 6, 1]
[4, 5, 8]

当前步数: 440, 当前深度: 440
[0, 2, 3]
[7, 6, 1]
[4, 5, 8]

当前步数: 441, 当前深度: 441
[7, 2, 3]
[0, 6, 1]
[4, 5, 8]

当前步数: 442, 当前深度: 442
[7, 2, 3]
[6, 0, 1]
[4, 5, 8]

当前步数: 443, 当前深度: 443
[7, 2, 3]
[6, 1, 0]
[4, 5, 8]

当前步数: 444, 当前深度: 444
[7, 2, 0]
[6, 1, 3]
[4, 5, 8]

当前步数: 445, 当前深度: 445
[7, 0, 2]
[6, 1, 3]
[4, 5, 8]

当前步数: 446, 当前深度: 446
[0, 7, 2]
[6, 1, 3]
[4, 5, 8]

当前步数: 447, 当前深度: 447
[6, 7, 2]
[0, 1, 3]
[4, 5, 8]

当前步数: 448, 当前深度: 448
[6, 7, 2]
[1, 0, 3]
[4, 5, 8]

当前步数: 449, 当前深度: 449
[6, 0, 2]
[1, 7, 3]
[4, 5, 8]

当前步数: 450, 当前深度: 450
[0, 6, 2]
[1, 7, 3]
[4, 5, 8]

当前步数: 451, 当前深度: 451
[1, 6, 2]
[0, 7, 3]
[4, 5, 8]

当前步数: 452, 当前深度: 452
[1, 6, 2]
[7, 0, 3]
[4, 5, 8]

当前步数: 453, 当前深度: 453
[1, 0, 2]
[7, 6, 3]
[4, 5, 8]

当前步数: 454, 当前深度: 454
[0, 1, 2]
[7, 6, 3]
[4, 5, 8]

当前步数: 455, 当前深度: 455
[7, 1, 2]
[0, 6, 3]
[4, 5, 8]

当前步数: 456, 当前深度: 456
[7, 1, 2]
[6, 0, 3]
[4, 5, 8]

当前步数: 457, 当前深度: 457
[7, 1, 2]
[6, 5, 3]
[4, 0, 8]

当前步数: 458, 当前深度: 458
[7, 1, 2]
[6, 5, 3]
[0, 4, 8]

当前步数: 459, 当前深度: 459
[7, 1, 2]
[0, 5, 3]
[6, 4, 8]

当前步数: 460, 当前深度: 460
[0, 1, 2]
[7, 5, 3]
[6, 4, 8]

当前步数: 461, 当前深度: 461
[1, 0, 2]
[7, 5, 3]
[6, 4, 8]

当前步数: 462, 当前深度: 462
[1, 2, 0]
[7, 5, 3]
[6, 4, 8]

当前步数: 463, 当前深度: 463
[1, 2, 3]
[7, 5, 0]
[6, 4, 8]

当前步数: 464, 当前深度: 464
[1, 2, 3]
[7, 0, 5]
[6, 4, 8]

当前步数: 465, 当前深度: 465
[1, 0, 3]
[7, 2, 5]
[6, 4, 8]

当前步数: 466, 当前深度: 466
[0, 1, 3]
[7, 2, 5]
[6, 4, 8]

当前步数: 467, 当前深度: 467
[7, 1, 3]
[0, 2, 5]
[6, 4, 8]

当前步数: 468, 当前深度: 468
[7, 1, 3]
[2, 0, 5]
[6, 4, 8]

当前步数: 469, 当前深度: 469
[7, 0, 3]
[2, 1, 5]
[6, 4, 8]

当前步数: 470, 当前深度: 470
[0, 7, 3]
[2, 1, 5]
[6, 4, 8]

当前步数: 471, 当前深度: 471
[2, 7, 3]
[0, 1, 5]
[6, 4, 8]

当前步数: 472, 当前深度: 472
[2, 7, 3]
[1, 0, 5]
[6, 4, 8]

当前步数: 473, 当前深度: 473
[2, 0, 3]
[1, 7, 5]
[6, 4, 8]

当前步数: 474, 当前深度: 474
[0, 2, 3]
[1, 7, 5]
[6, 4, 8]

当前步数: 475, 当前深度: 475
[1, 2, 3]
[0, 7, 5]
[6, 4, 8]

当前步数: 476, 当前深度: 476
[1, 2, 3]
[6, 7, 5]
[0, 4, 8]

当前步数: 477, 当前深度: 477
[1, 2, 3]
[6, 7, 5]
[4, 0, 8]

当前步数: 478, 当前深度: 478
[1, 2, 3]
[6, 0, 5]
[4, 7, 8]

当前步数: 479, 当前深度: 479
[1, 0, 3]
[6, 2, 5]
[4, 7, 8]

当前步数: 480, 当前深度: 480
[0, 1, 3]
[6, 2, 5]
[4, 7, 8]

当前步数: 481, 当前深度: 481
[6, 1, 3]
[0, 2, 5]
[4, 7, 8]

当前步数: 482, 当前深度: 482
[6, 1, 3]
[2, 0, 5]
[4, 7, 8]

当前步数: 483, 当前深度: 483
[6, 0, 3]
[2, 1, 5]
[4, 7, 8]

当前步数: 484, 当前深度: 484
[0, 6, 3]
[2, 1, 5]
[4, 7, 8]

当前步数: 485, 当前深度: 485
[2, 6, 3]
[0, 1, 5]
[4, 7, 8]

当前步数: 486, 当前深度: 486
[2, 6, 3]
[1, 0, 5]
[4, 7, 8]

当前步数: 487, 当前深度: 487
[2, 0, 3]
[1, 6, 5]
[4, 7, 8]

当前步数: 488, 当前深度: 488
[0, 2, 3]
[1, 6, 5]
[4, 7, 8]

当前步数: 489, 当前深度: 489
[1, 2, 3]
[0, 6, 5]
[4, 7, 8]

当前步数: 490, 当前深度: 490
[1, 2, 3]
[4, 6, 5]
[0, 7, 8]

当前步数: 491, 当前深度: 491
[1, 2, 3]
[4, 6, 5]
[7, 0, 8]

当前步数: 492, 当前深度: 492
[1, 2, 3]
[4, 0, 5]
[7, 6, 8]

当前步数: 493, 当前深度: 493
[1, 0, 3]
[4, 2, 5]
[7, 6, 8]

当前步数: 494, 当前深度: 494
[0, 1, 3]
[4, 2, 5]
[7, 6, 8]

当前步数: 495, 当前深度: 495
[4, 1, 3]
[0, 2, 5]
[7, 6, 8]

当前步数: 496, 当前深度: 496
[4, 1, 3]
[2, 0, 5]
[7, 6, 8]

当前步数: 497, 当前深度: 497
[4, 0, 3]
[2, 1, 5]
[7, 6, 8]

当前步数: 498, 当前深度: 498
[0, 4, 3]
[2, 1, 5]
[7, 6, 8]

当前步数: 499, 当前深度: 499
[2, 4, 3]
[0, 1, 5]
[7, 6, 8]

当前步数: 500, 当前深度: 500
[2, 4, 3]
[1, 0, 5]
[7, 6, 8]

当前步数: 501, 当前深度: 501
[2, 0, 3]
[1, 4, 5]
[7, 6, 8]

当前步数: 502, 当前深度: 502
[0, 2, 3]
[1, 4, 5]
[7, 6, 8]

当前步数: 503, 当前深度: 503
[1, 2, 3]
[0, 4, 5]
[7, 6, 8]

当前步数: 504, 当前深度: 504
[1, 2, 3]
[7, 4, 5]
[0, 6, 8]

当前步数: 505, 当前深度: 505
[1, 2, 3]
[7, 4, 5]
[6, 0, 8]

当前步数: 506, 当前深度: 506
[1, 2, 3]
[7, 4, 5]
[6, 8, 0]

当前步数: 507, 当前深度: 507
[1, 2, 3]
[7, 4, 0]
[6, 8, 5]

当前步数: 508, 当前深度: 508
[1, 2, 0]
[7, 4, 3]
[6, 8, 5]

当前步数: 509, 当前深度: 509
[1, 0, 2]
[7, 4, 3]
[6, 8, 5]

当前步数: 510, 当前深度: 510
[0, 1, 2]
[7, 4, 3]
[6, 8, 5]

当前步数: 511, 当前深度: 511
[7, 1, 2]
[0, 4, 3]
[6, 8, 5]

当前步数: 512, 当前深度: 512
[7, 1, 2]
[4, 0, 3]
[6, 8, 5]

当前步数: 513, 当前深度: 513
[7, 0, 2]
[4, 1, 3]
[6, 8, 5]

当前步数: 514, 当前深度: 514
[0, 7, 2]
[4, 1, 3]
[6, 8, 5]

当前步数: 515, 当前深度: 515
[4, 7, 2]
[0, 1, 3]
[6, 8, 5]

当前步数: 516, 当前深度: 516
[4, 7, 2]
[1, 0, 3]
[6, 8, 5]

当前步数: 517, 当前深度: 517
[4, 0, 2]
[1, 7, 3]
[6, 8, 5]

当前步数: 518, 当前深度: 518
[0, 4, 2]
[1, 7, 3]
[6, 8, 5]

当前步数: 519, 当前深度: 519
[1, 4, 2]
[0, 7, 3]
[6, 8, 5]

当前步数: 520, 当前深度: 520
[1, 4, 2]
[7, 0, 3]
[6, 8, 5]

当前步数: 521, 当前深度: 521
[1, 4, 2]
[7, 3, 0]
[6, 8, 5]

当前步数: 522, 当前深度: 522
[1, 4, 0]
[7, 3, 2]
[6, 8, 5]

当前步数: 523, 当前深度: 523
[1, 0, 4]
[7, 3, 2]
[6, 8, 5]

当前步数: 524, 当前深度: 524
[0, 1, 4]
[7, 3, 2]
[6, 8, 5]

当前步数: 525, 当前深度: 525
[7, 1, 4]
[0, 3, 2]
[6, 8, 5]

当前步数: 526, 当前深度: 526
[7, 1, 4]
[3, 0, 2]
[6, 8, 5]

当前步数: 527, 当前深度: 527
[7, 0, 4]
[3, 1, 2]
[6, 8, 5]

当前步数: 528, 当前深度: 528
[0, 7, 4]
[3, 1, 2]
[6, 8, 5]

当前步数: 529, 当前深度: 529
[3, 7, 4]
[0, 1, 2]
[6, 8, 5]

当前步数: 530, 当前深度: 530
[3, 7, 4]
[1, 0, 2]
[6, 8, 5]

当前步数: 531, 当前深度: 531
[3, 0, 4]
[1, 7, 2]
[6, 8, 5]

当前步数: 532, 当前深度: 532
[0, 3, 4]
[1, 7, 2]
[6, 8, 5]

当前步数: 533, 当前深度: 533
[1, 3, 4]
[0, 7, 2]
[6, 8, 5]

当前步数: 534, 当前深度: 534
[1, 3, 4]
[7, 0, 2]
[6, 8, 5]

当前步数: 535, 当前深度: 535
[1, 3, 4]
[7, 2, 0]
[6, 8, 5]

当前步数: 536, 当前深度: 536
[1, 3, 0]
[7, 2, 4]
[6, 8, 5]

当前步数: 537, 当前深度: 537
[1, 0, 3]
[7, 2, 4]
[6, 8, 5]

当前步数: 538, 当前深度: 538
[0, 1, 3]
[7, 2, 4]
[6, 8, 5]

当前步数: 539, 当前深度: 539
[7, 1, 3]
[0, 2, 4]
[6, 8, 5]

当前步数: 540, 当前深度: 540
[7, 1, 3]
[2, 0, 4]
[6, 8, 5]

当前步数: 541, 当前深度: 541
[7, 0, 3]
[2, 1, 4]
[6, 8, 5]

当前步数: 542, 当前深度: 542
[0, 7, 3]
[2, 1, 4]
[6, 8, 5]

当前步数: 543, 当前深度: 543
[2, 7, 3]
[0, 1, 4]
[6, 8, 5]

当前步数: 544, 当前深度: 544
[2, 7, 3]
[1, 0, 4]
[6, 8, 5]

当前步数: 545, 当前深度: 545
[2, 0, 3]
[1, 7, 4]
[6, 8, 5]

当前步数: 546, 当前深度: 546
[0, 2, 3]
[1, 7, 4]
[6, 8, 5]

当前步数: 547, 当前深度: 547
[1, 2, 3]
[0, 7, 4]
[6, 8, 5]

当前步数: 548, 当前深度: 548
[1, 2, 3]
[7, 0, 4]
[6, 8, 5]

当前步数: 549, 当前深度: 549
[1, 2, 3]
[7, 8, 4]
[6, 0, 5]

当前步数: 550, 当前深度: 550
[1, 2, 3]
[7, 8, 4]
[0, 6, 5]

当前步数: 551, 当前深度: 551
[1, 2, 3]
[0, 8, 4]
[7, 6, 5]

当前步数: 552, 当前深度: 552
[1, 2, 3]
[8, 0, 4]
[7, 6, 5]

